split_threshold max_recursion_depth n time
10 0 1000 3499.5
10 1 1000 3894.9
10 2 1000 4341.6
10 3 1000 6036.6
10 4 1000 9338.2
10 5 1000 19061.4
10 6 1000 47118.3
10 7 1000 85074.4
10 8 1000 84171.9
10 9 1000 86484.0
10 10 1000 91828.9
35 0 1000 4342.8
35 1 1000 3459.2
35 2 1000 4600.8
35 3 1000 6857.2
35 4 1000 12998.3
35 5 1000 22784.6
35 6 1000 22381.6
35 7 1000 22621.7
35 8 1000 23730.8
35 9 1000 30155.7
35 10 1000 25718.7
60 0 1000 3384.8
60 1 1000 5726.4
60 2 1000 4534.5
60 3 1000 6101.2
60 4 1000 13218.8
60 5 1000 23104.0
60 6 1000 23272.5
60 7 1000 22029.8
60 8 1000 24074.3
60 9 1000 22913.4
60 10 1000 23222.2
85 0 1000 3275.0
85 1 1000 3399.6
85 2 1000 3846.1
85 3 1000 6552.5
85 4 1000 10823.7
85 5 1000 12422.7
85 6 1000 12503.0
85 7 1000 12854.4
85 8 1000 11701.1
85 9 1000 11718.8
85 10 1000 11026.5
110 0 1000 3098.2
110 1 1000 3311.9
110 2 1000 4134.5
110 3 1000 5823.6
110 4 1000 12292.4
110 5 1000 11789.4
110 6 1000 12339.2
110 7 1000 10536.5
110 8 1000 11134.9
110 9 1000 17678.2
110 10 1000 11299.9
135 0 1000 3097.1
135 1 1000 3225.9
135 2 1000 3936.4
135 3 1000 7769.7
135 4 1000 6824.7
135 5 1000 6045.2
135 6 1000 8524.0
135 7 1000 6220.2
135 8 1000 6603.8
135 9 1000 5821.6
135 10 1000 5884.3
160 0 1000 3926.8
160 1 1000 3254.5
160 2 1000 3649.4
160 3 1000 6140.3
160 4 1000 6350.4
160 5 1000 6711.7
160 6 1000 6405.2
160 7 1000 6603.2
160 8 1000 6137.3
160 9 1000 6212.4
160 10 1000 7094.9
185 0 1000 3327.1
185 1 1000 3415.0
185 2 1000 4452.8
185 3 1000 7187.1
185 4 1000 6949.5
185 5 1000 6268.8
185 6 1000 6699.4
185 7 1000 6644.7
185 8 1000 6633.1
185 9 1000 7416.3
185 10 1000 6571.4
210 0 1000 3237.3
210 1 1000 3414.4
210 2 1000 3532.0
210 3 1000 8422.3
210 4 1000 6096.5
210 5 1000 6461.1
210 6 1000 5931.7
210 7 1000 6535.9
210 8 1000 6966.2
210 9 1000 7883.1
210 10 1000 6909.2
235 0 1000 3237.1
235 1 1000 3444.5
235 2 1000 4676.9
235 3 1000 6347.0
235 4 1000 6956.7
235 5 1000 6607.3
235 6 1000 6073.3
235 7 1000 8698.6
235 8 1000 6621.5
235 9 1000 9196.1
235 10 1000 6892.7
260 0 1000 4269.5
260 1 1000 3550.1
260 2 1000 4281.7
260 3 1000 4285.7
260 4 1000 4135.9
260 5 1000 4309.5
260 6 1000 3741.5
260 7 1000 3358.7
260 8 1000 3387.2
260 9 1000 3418.1
260 10 1000 3398.8
285 0 1000 4365.2
285 1 1000 3259.0
285 2 1000 3449.6
285 3 1000 3386.9
285 4 1000 3407.2
285 5 1000 3451.3
285 6 1000 5575.7
285 7 1000 3629.3
285 8 1000 3708.6
285 9 1000 3586.2
285 10 1000 3783.6
310 0 1000 3364.2
310 1 1000 3368.9
310 2 1000 3772.1
310 3 1000 3697.9
310 4 1000 3448.8
310 5 1000 3947.9
310 6 1000 3625.6
310 7 1000 3995.2
310 8 1000 3832.0
310 9 1000 3678.2
310 10 1000 3559.5
335 0 1000 3760.6
335 1 1000 3265.4
335 2 1000 6516.7
335 3 1000 3793.5
335 4 1000 3624.6
335 5 1000 4305.7
335 6 1000 4342.3
335 7 1000 3846.2
335 8 1000 3980.5
335 9 1000 5374.5
335 10 1000 7593.1
360 0 1000 3430.5
360 1 1000 3375.0
360 2 1000 4067.6
360 3 1000 4096.6
360 4 1000 4101.1
360 5 1000 3951.6
360 6 1000 4101.0
360 7 1000 3999.8
360 8 1000 4261.0
360 9 1000 4198.1
360 10 1000 4069.6
385 0 1000 3303.6
385 1 1000 3418.6
385 2 1000 4303.3
385 3 1000 4041.7
385 4 1000 3873.9
385 5 1000 4405.4
385 6 1000 4247.6
385 7 1000 3978.4
385 8 1000 3587.5
385 9 1000 12442.3
385 10 1000 3802.2
410 0 1000 3341.2
410 1 1000 3394.2
410 2 1000 3875.2
410 3 1000 4154.1
410 4 1000 4073.2
410 5 1000 4117.8
410 6 1000 4249.1
410 7 1000 13274.0
410 8 1000 3873.8
410 9 1000 4054.5
410 10 1000 4109.8
435 0 1000 3298.9
435 1 1000 3456.0
435 2 1000 3992.2
435 3 1000 4370.1
435 4 1000 3915.6
435 5 1000 4500.1
435 6 1000 4395.9
435 7 1000 4332.1
435 8 1000 4047.2
435 9 1000 4561.7
435 10 1000 4183.9
460 0 1000 3354.7
460 1 1000 3568.8
460 2 1000 4706.3
460 3 1000 3558.5
460 4 1000 3669.9
460 5 1000 4039.0
460 6 1000 4041.6
460 7 1000 3654.1
460 8 1000 3601.3
460 9 1000 3521.7
460 10 1000 3581.6
485 0 1000 3638.1
485 1 1000 3435.1
485 2 1000 3580.4
485 3 1000 4271.1
485 4 1000 3984.9
485 5 1000 4349.6
485 6 1000 4109.2
485 7 1000 4109.4
485 8 1000 4136.0
485 9 1000 3890.9
485 10 1000 4513.9
510 0 1000 3530.2
510 1 1000 3654.9
510 2 1000 3545.0
510 3 1000 3552.4
510 4 1000 3743.1
510 5 1000 3594.0
510 6 1000 3978.9
510 7 1000 7089.2
510 8 1000 3508.4
510 9 1000 16731.4
510 10 1000 4492.2
535 0 1000 3528.9
535 1 1000 6868.1
535 2 1000 4667.0
535 3 1000 3975.5
535 4 1000 3560.2
535 5 1000 3452.4
535 6 1000 3572.0
535 7 1000 3446.2
535 8 1000 3533.3
535 9 1000 3519.5
535 10 1000 3488.0
560 0 1000 4442.0
560 1 1000 3838.7
560 2 1000 3789.6
560 3 1000 3530.9
560 4 1000 3474.1
560 5 1000 3569.2
560 6 1000 3923.0
560 7 1000 3475.8
560 8 1000 3435.1
560 9 1000 3603.0
560 10 1000 5394.9
585 0 1000 3473.6
585 1 1000 3428.2
585 2 1000 3427.9
585 3 1000 3447.0
585 4 1000 3498.9
585 5 1000 3580.4
585 6 1000 3925.9
585 7 1000 3496.6
585 8 1000 3734.0
585 9 1000 3504.8
585 10 1000 3635.4
610 0 1000 3462.2
610 1 1000 3707.1
610 2 1000 3571.2
610 3 1000 3792.0
610 4 1000 3499.6
610 5 1000 3445.8
610 6 1000 3456.5
610 7 1000 3549.4
610 8 1000 3441.9
610 9 1000 3472.6
610 10 1000 3559.2
635 0 1000 3436.3
635 1 1000 3866.0
635 2 1000 3448.4
635 3 1000 3472.2
635 4 1000 3486.5
635 5 1000 3491.3
635 6 1000 3489.6
635 7 1000 3472.0
635 8 1000 3812.6
635 9 1000 3457.3
635 10 1000 3432.2
660 0 1000 7435.9
660 1 1000 3579.9
660 2 1000 3532.5
660 3 1000 7229.3
660 4 1000 3844.3
660 5 1000 3506.0
660 6 1000 3571.9
660 7 1000 3948.7
660 8 1000 4968.5
660 9 1000 3971.3
660 10 1000 3634.7
685 0 1000 3598.7
685 1 1000 3614.4
685 2 1000 3604.6
685 3 1000 3598.7
685 4 1000 3626.8
685 5 1000 3560.3
685 6 1000 3600.5
685 7 1000 3600.2
685 8 1000 3542.1
685 9 1000 3637.1
685 10 1000 3447.2
710 0 1000 3359.7
710 1 1000 3519.4
710 2 1000 3393.6
710 3 1000 3454.9
710 4 1000 3452.9
710 5 1000 3487.5
710 6 1000 3446.8
710 7 1000 4019.6
710 8 1000 3497.8
710 9 1000 3562.2
710 10 1000 3475.2
735 0 1000 3466.3
735 1 1000 3452.0
735 2 1000 3513.5
735 3 1000 3766.3
735 4 1000 3505.3
735 5 1000 3585.3
735 6 1000 3465.7
735 7 1000 3508.0
735 8 1000 3434.5
735 9 1000 4519.7
735 10 1000 4608.6
760 0 1000 3640.5
760 1 1000 3430.4
760 2 1000 3479.4
760 3 1000 3628.2
760 4 1000 4535.6
760 5 1000 3473.0
760 6 1000 4407.5
760 7 1000 3474.2
760 8 1000 3525.6
760 9 1000 3563.3
760 10 1000 4098.5
785 0 1000 3476.6
785 1 1000 3442.4
785 2 1000 3553.3
785 3 1000 3599.4
785 4 1000 3526.5
785 5 1000 3572.7
785 6 1000 3537.0
785 7 1000 3526.8
785 8 1000 3499.3
785 9 1000 3516.2
785 10 1000 6455.4
810 0 1000 4423.4
810 1 1000 3477.3
810 2 1000 3527.5
810 3 1000 4027.7
810 4 1000 3554.3
810 5 1000 3506.6
810 6 1000 3515.4
810 7 1000 3520.6
810 8 1000 3519.8
810 9 1000 3526.7
810 10 1000 3494.6
835 0 1000 3447.8
835 1 1000 3408.6
835 2 1000 3495.0
835 3 1000 3447.5
835 4 1000 3488.4
835 5 1000 3524.9
835 6 1000 8133.5
835 7 1000 3481.0
835 8 1000 3453.3
835 9 1000 4369.2
835 10 1000 4431.8
860 0 1000 3439.3
860 1 1000 3387.4
860 2 1000 3556.9
860 3 1000 4494.1
860 4 1000 3481.2
860 5 1000 3564.3
860 6 1000 3511.4
860 7 1000 3410.0
860 8 1000 3440.8
860 9 1000 3592.0
860 10 1000 3468.2
885 0 1000 3522.5
885 1 1000 3537.2
885 2 1000 3478.9
885 3 1000 3508.2
885 4 1000 3466.6
885 5 1000 3429.8
885 6 1000 3443.2
885 7 1000 3414.0
885 8 1000 3705.7
885 9 1000 6174.1
885 10 1000 3415.4
910 0 1000 7727.5
910 1 1000 3433.4
910 2 1000 11944.1
910 3 1000 3438.9
910 4 1000 9910.7
910 5 1000 3480.4
910 6 1000 3553.1
910 7 1000 3456.1
910 8 1000 3451.3
910 9 1000 3583.4
910 10 1000 3407.1
935 0 1000 6572.3
935 1 1000 3465.7
935 2 1000 3411.3
935 3 1000 3598.1
935 4 1000 4561.1
935 5 1000 3554.2
935 6 1000 3733.2
935 7 1000 3502.3
935 8 1000 3487.4
935 9 1000 3525.1
935 10 1000 3475.7
960 0 1000 3441.4
960 1 1000 3453.7
960 2 1000 3475.0
960 3 1000 3589.0
960 4 1000 3668.5
960 5 1000 3541.5
960 6 1000 3634.2
960 7 1000 3462.1
960 8 1000 3751.5
960 9 1000 3882.5
960 10 1000 5948.4
985 0 1000 3438.7
985 1 1000 3453.0
985 2 1000 3501.5
985 3 1000 3485.5
985 4 1000 3481.0
985 5 1000 3420.5
985 6 1000 3438.0
985 7 1000 3502.7
985 8 1000 3483.7
985 9 1000 3577.2
985 10 1000 3528.9
1010 0 1000 3865.0
1010 1 1000 3824.7
1010 2 1000 3902.2
1010 3 1000 3873.6
1010 4 1000 3842.9
1010 5 1000 3909.3
1010 6 1000 3811.1
1010 7 1000 3776.8
1010 8 1000 3790.5
1010 9 1000 3767.5
1010 10 1000 9100.2
1035 0 1000 4675.6
1035 1 1000 3788.5
1035 2 1000 3806.7
1035 3 1000 4671.3
1035 4 1000 8344.6
1035 5 1000 3877.5
1035 6 1000 3768.6
1035 7 1000 6276.5
1035 8 1000 3797.4
1035 9 1000 3840.5
1035 10 1000 3843.6
1060 0 1000 3871.5
1060 1 1000 4551.7
1060 2 1000 3754.6
1060 3 1000 6271.5
1060 4 1000 4726.0
1060 5 1000 10054.6
1060 6 1000 3831.8
1060 7 1000 5983.2
1060 8 1000 3787.2
1060 9 1000 3895.3
1060 10 1000 3791.8
1085 0 1000 3983.3
1085 1 1000 3783.6
1085 2 1000 3761.3
1085 3 1000 3782.8
1085 4 1000 3776.7
1085 5 1000 4677.0
1085 6 1000 3787.1
1085 7 1000 8469.6
1085 8 1000 3769.3
1085 9 1000 4688.6
1085 10 1000 5499.5
1110 0 1000 4527.7
1110 1 1000 4685.8
1110 2 1000 3812.8
1110 3 1000 3878.4
1110 4 1000 4785.8
1110 5 1000 6766.3
1110 6 1000 4564.3
1110 7 1000 8153.7
1110 8 1000 4018.3
1110 9 1000 3773.1
1110 10 1000 3948.6
1135 0 1000 3861.0
1135 1 1000 3900.4
1135 2 1000 3880.0
1135 3 1000 3791.0
1135 4 1000 3829.5
1135 5 1000 3767.1
1135 6 1000 3850.3
1135 7 1000 3821.8
1135 8 1000 3851.4
1135 9 1000 3979.2
1135 10 1000 3815.3
1160 0 1000 3752.0
1160 1 1000 3821.5
1160 2 1000 3873.5
1160 3 1000 3963.2
1160 4 1000 4637.1
1160 5 1000 4599.5
1160 6 1000 3868.3
1160 7 1000 4622.3
1160 8 1000 3782.9
1160 9 1000 3870.0
1160 10 1000 3869.7
1185 0 1000 3825.9
1185 1 1000 10329.4
1185 2 1000 3835.1
1185 3 1000 3964.7
1185 4 1000 3789.4
1185 5 1000 3776.5
1185 6 1000 4008.1
1185 7 1000 3802.3
1185 8 1000 3993.2
1185 9 1000 4699.0
1185 10 1000 3752.5
1210 0 1000 4548.6
1210 1 1000 10350.1
1210 2 1000 3822.7
1210 3 1000 3820.3
1210 4 1000 4101.3
1210 5 1000 3760.2
1210 6 1000 3994.5
1210 7 1000 3781.9
1210 8 1000 3793.6
1210 9 1000 6848.7
1210 10 1000 4022.0
1235 0 1000 3879.6
1235 1 1000 3998.3
1235 2 1000 4671.0
1235 3 1000 3799.4
1235 4 1000 3831.1
1235 5 1000 3932.2
1235 6 1000 3796.6
1235 7 1000 3980.8
1235 8 1000 3903.5
1235 9 1000 8991.2
1235 10 1000 3784.1
1260 0 1000 3780.7
1260 1 1000 3947.2
1260 2 1000 4850.9
1260 3 1000 3849.3
1260 4 1000 3825.0
1260 5 1000 3841.5
1260 6 1000 4903.9
1260 7 1000 3863.6
1260 8 1000 3894.0
1260 9 1000 3894.5
1260 10 1000 3941.6
1285 0 1000 4716.3
1285 1 1000 3876.1
1285 2 1000 3890.9
1285 3 1000 3957.4
1285 4 1000 3910.5
1285 5 1000 3918.1
1285 6 1000 3944.9
1285 7 1000 3789.7
1285 8 1000 4474.1
1285 9 1000 7424.7
1285 10 1000 4556.4
1310 0 1000 3751.9
1310 1 1000 3942.0
1310 2 1000 3783.9
1310 3 1000 3794.3
1310 4 1000 3781.7
1310 5 1000 3708.2
1310 6 1000 7666.2
1310 7 1000 3788.8
1310 8 1000 4586.4
1310 9 1000 3785.6
1310 10 1000 3790.0
1335 0 1000 4028.0
1335 1 1000 3788.4
1335 2 1000 3758.4
1335 3 1000 3782.8
1335 4 1000 3984.6
1335 5 1000 3795.1
1335 6 1000 3801.8
1335 7 1000 3848.4
1335 8 1000 3839.3
1335 9 1000 3859.8
1335 10 1000 3840.7
1360 0 1000 3868.3
1360 1 1000 3844.2
1360 2 1000 3897.0
1360 3 1000 3792.6
1360 4 1000 3843.0
1360 5 1000 3866.3
1360 6 1000 3960.7
1360 7 1000 3750.7
1360 8 1000 3759.1
1360 9 1000 4031.1
1360 10 1000 3744.3
1385 0 1000 3778.2
1385 1 1000 3824.0
1385 2 1000 3832.7
1385 3 1000 3837.5
1385 4 1000 4716.0
1385 5 1000 8310.4
1385 6 1000 3856.2
1385 7 1000 3793.1
1385 8 1000 3811.6
1385 9 1000 4609.1
1385 10 1000 3779.7
1410 0 1000 3782.7
1410 1 1000 4708.5
1410 2 1000 3801.5
1410 3 1000 3804.6
1410 4 1000 4145.3
1410 5 1000 3828.9
1410 6 1000 4578.0
1410 7 1000 4022.8
1410 8 1000 4924.6
1410 9 1000 3886.1
1410 10 1000 4734.8
1435 0 1000 3791.2
1435 1 1000 3716.9
1435 2 1000 3963.8
1435 3 1000 4194.8
1435 4 1000 3718.9
1435 5 1000 3961.6
1435 6 1000 3855.4
1435 7 1000 4233.9
1435 8 1000 3766.2
1435 9 1000 3703.6
1435 10 1000 3799.4
1460 0 1000 3773.5
1460 1 1000 3735.3
1460 2 1000 3866.5
1460 3 1000 4050.3
1460 4 1000 4381.0
1460 5 1000 3807.2
1460 6 1000 3850.4
1460 7 1000 4707.4
1460 8 1000 4508.1
1460 9 1000 3831.9
1460 10 1000 3804.1
1485 0 1000 3764.5
1485 1 1000 6904.2
1485 2 1000 3769.3
1485 3 1000 6436.5
1485 4 1000 3862.1
1485 5 1000 8920.8
1485 6 1000 3959.3
1485 7 1000 3917.1
1485 8 1000 3971.3
1485 9 1000 3813.7
1485 10 1000 3873.1
1510 0 1000 3888.3
1510 1 1000 4146.1
1510 2 1000 3963.8
1510 3 1000 3870.9
1510 4 1000 4123.1
1510 5 1000 4773.8
1510 6 1000 4021.5
1510 7 1000 4016.2
1510 8 1000 3821.1
1510 9 1000 3825.4
1510 10 1000 3855.9
1535 0 1000 3805.7
1535 1 1000 3870.5
1535 2 1000 3902.5
1535 3 1000 4056.3
1535 4 1000 4667.9
1535 5 1000 6182.9
1535 6 1000 3818.1
1535 7 1000 3767.3
1535 8 1000 4031.5
1535 9 1000 3935.7
1535 10 1000 3921.8
1560 0 1000 3789.6
1560 1 1000 3939.1
1560 2 1000 3765.3
1560 3 1000 3778.2
1560 4 1000 8108.9
1560 5 1000 13643.5
1560 6 1000 8198.0
1560 7 1000 4766.3
1560 8 1000 4267.4
1560 9 1000 3737.0
1560 10 1000 3839.1
1585 0 1000 4518.7
1585 1 1000 4688.6
1585 2 1000 5466.4
1585 3 1000 3721.9
1585 4 1000 3868.5
1585 5 1000 3802.0
1585 6 1000 8322.7
1585 7 1000 3899.2
1585 8 1000 4582.3
1585 9 1000 22759.1
1585 10 1000 4121.5
1610 0 1000 5748.5
1610 1 1000 3865.8
1610 2 1000 6677.6
1610 3 1000 4802.9
1610 4 1000 9904.0
1610 5 1000 3857.8
1610 6 1000 4110.1
1610 7 1000 3875.3
1610 8 1000 3798.0
1610 9 1000 4764.6
1610 10 1000 3750.4
1635 0 1000 3812.2
1635 1 1000 7747.3
1635 2 1000 3774.8
1635 3 1000 3864.7
1635 4 1000 6596.1
1635 5 1000 3726.6
1635 6 1000 3792.4
1635 7 1000 3684.9
1635 8 1000 3962.4
1635 9 1000 3773.0
1635 10 1000 4155.9
1660 0 1000 3885.2
1660 1 1000 4626.9
1660 2 1000 3837.4
1660 3 1000 3899.9
1660 4 1000 3894.8
1660 5 1000 3845.8
1660 6 1000 4607.3
1660 7 1000 4029.7
1660 8 1000 4701.0
1660 9 1000 3875.4
1660 10 1000 3826.7
1685 0 1000 3812.2
1685 1 1000 8455.4
1685 2 1000 4705.0
1685 3 1000 3811.9
1685 4 1000 4694.7
1685 5 1000 4540.0
1685 6 1000 4129.6
1685 7 1000 8325.1
1685 8 1000 3918.8
1685 9 1000 3840.3
1685 10 1000 3842.5
1710 0 1000 3847.2
1710 1 1000 4137.4
1710 2 1000 7029.3
1710 3 1000 4894.9
1710 4 1000 6392.0
1710 5 1000 25035.5
1710 6 1000 3865.2
1710 7 1000 3839.2
1710 8 1000 4364.8
1710 9 1000 4206.4
1710 10 1000 31877.4
1735 0 1000 3838.0
1735 1 1000 31522.7
1735 2 1000 4303.6
1735 3 1000 3829.3
1735 4 1000 3898.4
1735 5 1000 4089.7
1735 6 1000 8680.0
1735 7 1000 4397.1
1735 8 1000 3875.2
1735 9 1000 4606.4
1735 10 1000 10934.7
1760 0 1000 11452.7
1760 1 1000 3792.8
1760 2 1000 3790.0
1760 3 1000 3890.3
1760 4 1000 4022.8
1760 5 1000 3821.7
1760 6 1000 3757.9
1760 7 1000 4693.4
1760 8 1000 4848.0
1760 9 1000 3759.4
1760 10 1000 4490.7
1785 0 1000 3726.0
1785 1 1000 3866.3
1785 2 1000 3873.8
1785 3 1000 3915.2
1785 4 1000 3912.3
1785 5 1000 3819.3
1785 6 1000 3814.7
1785 7 1000 3793.3
1785 8 1000 3806.5
1785 9 1000 8844.0
1785 10 1000 3792.7
1810 0 1000 3863.4
1810 1 1000 3972.1
1810 2 1000 3808.4
1810 3 1000 8548.5
1810 4 1000 4105.6
1810 5 1000 91974.6
1810 6 1000 4006.1
1810 7 1000 4298.1
1810 8 1000 3921.9
1810 9 1000 3790.2
1810 10 1000 4557.9
1835 0 1000 3780.8
1835 1 1000 4327.2
1835 2 1000 3968.6
1835 3 1000 3801.5
1835 4 1000 3962.4
1835 5 1000 3897.1
1835 6 1000 3923.3
1835 7 1000 5538.0
1835 8 1000 3752.5
1835 9 1000 4629.6
1835 10 1000 4688.3
1860 0 1000 4636.6
1860 1 1000 4297.5
1860 2 1000 3742.2
1860 3 1000 3901.5
1860 4 1000 7591.2
1860 5 1000 3756.4
1860 6 1000 6185.1
1860 7 1000 3839.1
1860 8 1000 3799.1
1860 9 1000 5963.7
1860 10 1000 3791.5
1885 0 1000 4084.2
1885 1 1000 5027.3
1885 2 1000 3848.9
1885 3 1000 13302.2
1885 4 1000 5899.0
1885 5 1000 3946.5
1885 6 1000 3889.1
1885 7 1000 4306.4
1885 8 1000 4019.7
1885 9 1000 3776.8
1885 10 1000 3888.0
1910 0 1000 3711.8
1910 1 1000 3751.3
1910 2 1000 4111.8
1910 3 1000 6559.0
1910 4 1000 3809.9
1910 5 1000 4577.3
1910 6 1000 16657.0
1910 7 1000 3768.3
1910 8 1000 3755.6
1910 9 1000 3817.0
1910 10 1000 3810.9
1935 0 1000 3892.6
1935 1 1000 4417.9
1935 2 1000 4488.4
1935 3 1000 4287.0
1935 4 1000 3830.6
1935 5 1000 6266.6
1935 6 1000 3782.5
1935 7 1000 4009.8
1935 8 1000 4415.4
1935 9 1000 3700.9
1935 10 1000 3738.4
1960 0 1000 5027.7
1960 1 1000 3868.2
1960 2 1000 4290.0
1960 3 1000 3907.8
1960 4 1000 4529.1
1960 5 1000 8283.8
1960 6 1000 3765.3
1960 7 1000 3857.1
1960 8 1000 3956.9
1960 9 1000 3796.1
1960 10 1000 4780.7
1985 0 1000 5894.7
1985 1 1000 3761.0
1985 2 1000 3785.2
1985 3 1000 3744.6
1985 4 1000 3907.3
1985 5 1000 3833.4
1985 6 1000 3779.1
1985 7 1000 3835.3
1985 8 1000 4387.2
1985 9 1000 4936.2
1985 10 1000 4773.4
2010 0 1000 4239.3
2010 1 1000 4384.3
2010 2 1000 3778.9
2010 3 1000 3725.1
2010 4 1000 4129.2
2010 5 1000 4182.9
2010 6 1000 12040.3
2010 7 1000 3877.6
2010 8 1000 5468.2
2010 9 1000 3882.9
2010 10 1000 3750.8
10 0 10000 6598.3
10 1 10000 9540.1
10 2 10000 8572.5
10 3 10000 10115.5
10 4 10000 12234.4
10 5 10000 21812.5
10 6 10000 28965.3
10 7 10000 56523.4
10 8 10000 106819.3
10 9 10000 314391.8
10 10 10000 576942.2
35 0 10000 5791.2
35 1 10000 6337.2
35 2 10000 6202.3
35 3 10000 6595.6
35 4 10000 14224.4
35 5 10000 21101.5
35 6 10000 45572.2
35 7 10000 96841.1
35 8 10000 166007.2
35 9 10000 285896.3
35 10 10000 284029.1
60 0 10000 5639.0
60 1 10000 7006.4
60 2 10000 5187.4
60 3 10000 6346.0
60 4 10000 12446.2
60 5 10000 25841.9
60 6 10000 48444.0
60 7 10000 92270.4
60 8 10000 173146.5
60 9 10000 168803.7
60 10 10000 176049.1
85 0 10000 4988.1
85 1 10000 4133.1
85 2 10000 4531.7
85 3 10000 9169.5
85 4 10000 13688.1
85 5 10000 27056.5
85 6 10000 47582.6
85 7 10000 84634.8
85 8 10000 83017.2
85 9 10000 87688.0
85 10 10000 84425.0
110 0 10000 5107.5
110 1 10000 4172.0
110 2 10000 4770.5
110 3 10000 7818.0
110 4 10000 14548.9
110 5 10000 24802.2
110 6 10000 45372.0
110 7 10000 89896.4
110 8 10000 84679.2
110 9 10000 82841.3
110 10 10000 86139.2
135 0 10000 5095.4
135 1 10000 4256.5
135 2 10000 4937.5
135 3 10000 8730.2
135 4 10000 13465.7
135 5 10000 26457.7
135 6 10000 49632.9
135 7 10000 92596.9
135 8 10000 87767.8
135 9 10000 86131.7
135 10 10000 100664.6
160 0 10000 8695.4
160 1 10000 8293.9
160 2 10000 4844.1
160 3 10000 10854.1
160 4 10000 13490.7
160 5 10000 27431.3
160 6 10000 49113.6
160 7 10000 56792.9
160 8 10000 47865.9
160 9 10000 47709.1
160 10 10000 48501.8
185 0 10000 4886.6
185 1 10000 4444.3
185 2 10000 4867.4
185 3 10000 7520.4
185 4 10000 14487.7
185 5 10000 26421.8
185 6 10000 46833.8
185 7 10000 50817.5
185 8 10000 50789.5
185 9 10000 47113.1
185 10 10000 47318.6
210 0 10000 4900.7
210 1 10000 4293.8
210 2 10000 4805.3
210 3 10000 7527.0
210 4 10000 13341.6
210 5 10000 24685.9
210 6 10000 48178.3
210 7 10000 45631.4
210 8 10000 45932.8
210 9 10000 48454.1
210 10 10000 44487.8
235 0 10000 4809.0
235 1 10000 4295.7
235 2 10000 4654.9
235 3 10000 6804.5
235 4 10000 13767.6
235 5 10000 24502.6
235 6 10000 45698.1
235 7 10000 50678.0
235 8 10000 46779.0
235 9 10000 49953.0
235 10 10000 47442.3
260 0 10000 5474.7
260 1 10000 4316.7
260 2 10000 4983.5
260 3 10000 7570.6
260 4 10000 13381.6
260 5 10000 25205.7
260 6 10000 47107.1
260 7 10000 44187.3
260 8 10000 47029.2
260 9 10000 45949.5
260 10 10000 49048.6
285 0 10000 4849.7
285 1 10000 4577.3
285 2 10000 4928.7
285 3 10000 7524.8
285 4 10000 12840.2
285 5 10000 26487.2
285 6 10000 46563.0
285 7 10000 46237.9
285 8 10000 47096.0
285 9 10000 46552.4
285 10 10000 46262.1
310 0 10000 4901.5
310 1 10000 7613.7
310 2 10000 4739.2
310 3 10000 7365.3
310 4 10000 14513.0
310 5 10000 24253.6
310 6 10000 46251.1
310 7 10000 45315.0
310 8 10000 44934.3
310 9 10000 45972.2
310 10 10000 43821.1
335 0 10000 7083.8
335 1 10000 4927.2
335 2 10000 5236.9
335 3 10000 7820.2
335 4 10000 13107.2
335 5 10000 22647.7
335 6 10000 23843.0
335 7 10000 25070.5
335 8 10000 26020.8
335 9 10000 25416.4
335 10 10000 24035.4
360 0 10000 6572.0
360 1 10000 4986.3
360 2 10000 5435.0
360 3 10000 7942.1
360 4 10000 13907.7
360 5 10000 24545.6
360 6 10000 23993.2
360 7 10000 24291.1
360 8 10000 24878.8
360 9 10000 24407.6
360 10 10000 24559.8
385 0 10000 6502.4
385 1 10000 4926.7
385 2 10000 5361.1
385 3 10000 8376.9
385 4 10000 14099.1
385 5 10000 23277.1
385 6 10000 23667.9
385 7 10000 25067.6
385 8 10000 29834.8
385 9 10000 23602.2
385 10 10000 24488.4
410 0 10000 5805.7
410 1 10000 4812.3
410 2 10000 5276.3
410 3 10000 7601.2
410 4 10000 13599.3
410 5 10000 27317.4
410 6 10000 23131.0
410 7 10000 23784.8
410 8 10000 23664.7
410 9 10000 25656.3
410 10 10000 22924.3
435 0 10000 6240.2
435 1 10000 4886.2
435 2 10000 5413.4
435 3 10000 10582.1
435 4 10000 14028.2
435 5 10000 24357.4
435 6 10000 25363.3
435 7 10000 24628.0
435 8 10000 26867.2
435 9 10000 23499.9
435 10 10000 23861.2
460 0 10000 5852.3
460 1 10000 4899.3
460 2 10000 5551.1
460 3 10000 8244.6
460 4 10000 14164.6
460 5 10000 28945.6
460 6 10000 30331.5
460 7 10000 27651.6
460 8 10000 29808.5
460 9 10000 26654.3
460 10 10000 24874.9
485 0 10000 6735.9
485 1 10000 4763.5
485 2 10000 5096.6
485 3 10000 8191.6
485 4 10000 13419.5
485 5 10000 32942.1
485 6 10000 24249.5
485 7 10000 25053.7
485 8 10000 26189.8
485 9 10000 24011.3
485 10 10000 25665.7
510 0 10000 6745.1
510 1 10000 4749.2
510 2 10000 11608.6
510 3 10000 9183.0
510 4 10000 15422.7
510 5 10000 26050.4
510 6 10000 25195.4
510 7 10000 26978.1
510 8 10000 29799.0
510 9 10000 25941.7
510 10 10000 26505.4
535 0 10000 12426.8
535 1 10000 8359.0
535 2 10000 5239.6
535 3 10000 12577.6
535 4 10000 13790.8
535 5 10000 29203.2
535 6 10000 23788.9
535 7 10000 26244.0
535 8 10000 24932.2
535 9 10000 25714.9
535 10 10000 27088.5
560 0 10000 5823.9
560 1 10000 4809.2
560 2 10000 5725.8
560 3 10000 9059.8
560 4 10000 14211.0
560 5 10000 25929.4
560 6 10000 24803.5
560 7 10000 23471.6
560 8 10000 26103.5
560 9 10000 23746.3
560 10 10000 24581.5
585 0 10000 6394.2
585 1 10000 4921.7
585 2 10000 5347.3
585 3 10000 7839.4
585 4 10000 14661.7
585 5 10000 22840.2
585 6 10000 24553.0
585 7 10000 25704.8
585 8 10000 30616.4
585 9 10000 27499.2
585 10 10000 26249.8
610 0 10000 5811.0
610 1 10000 4894.7
610 2 10000 5218.4
610 3 10000 7643.3
610 4 10000 14240.7
610 5 10000 23298.1
610 6 10000 23572.8
610 7 10000 25430.5
610 8 10000 28344.7
610 9 10000 26824.2
610 10 10000 24243.8
635 0 10000 8271.5
635 1 10000 6286.8
635 2 10000 7029.3
635 3 10000 9804.1
635 4 10000 14227.6
635 5 10000 15766.7
635 6 10000 13340.5
635 7 10000 14913.5
635 8 10000 16107.5
635 9 10000 15999.6
635 10 10000 14225.7
660 0 10000 8139.9
660 1 10000 6083.3
660 2 10000 10251.3
660 3 10000 10201.8
660 4 10000 13771.1
660 5 10000 15922.9
660 6 10000 26765.1
660 7 10000 21019.1
660 8 10000 19795.0
660 9 10000 17477.7
660 10 10000 15051.3
685 0 10000 9173.5
685 1 10000 6370.2
685 2 10000 6526.1
685 3 10000 8369.8
685 4 10000 14561.8
685 5 10000 14080.2
685 6 10000 14456.6
685 7 10000 13950.1
685 8 10000 14518.5
685 9 10000 16546.2
685 10 10000 15181.3
710 0 10000 8026.9
710 1 10000 6373.2
710 2 10000 6565.3
710 3 10000 9745.6
710 4 10000 14211.0
710 5 10000 13016.9
710 6 10000 13815.4
710 7 10000 14908.3
710 8 10000 14415.9
710 9 10000 14585.4
710 10 10000 15427.9
735 0 10000 7965.5
735 1 10000 6469.2
735 2 10000 7089.2
735 3 10000 9056.3
735 4 10000 14447.3
735 5 10000 14368.6
735 6 10000 14550.4
735 7 10000 12754.2
735 8 10000 15509.5
735 9 10000 13315.5
735 10 10000 13166.7
760 0 10000 7946.0
760 1 10000 6173.2
760 2 10000 6236.8
760 3 10000 9693.2
760 4 10000 12983.7
760 5 10000 14842.0
760 6 10000 14375.1
760 7 10000 13350.8
760 8 10000 13920.3
760 9 10000 14308.3
760 10 10000 13935.6
785 0 10000 8117.7
785 1 10000 6239.2
785 2 10000 5939.8
785 3 10000 8877.0
785 4 10000 14614.1
785 5 10000 13968.9
785 6 10000 13750.3
785 7 10000 15441.8
785 8 10000 11862.4
785 9 10000 14949.5
785 10 10000 14035.9
810 0 10000 8300.4
810 1 10000 5993.6
810 2 10000 5431.5
810 3 10000 6655.6
810 4 10000 9360.9
810 5 10000 9254.9
810 6 10000 9486.9
810 7 10000 9777.6
810 8 10000 9986.9
810 9 10000 8871.9
810 10 10000 9905.1
835 0 10000 13025.3
835 1 10000 6333.7
835 2 10000 5699.1
835 3 10000 11540.8
835 4 10000 10651.8
835 5 10000 10010.4
835 6 10000 13145.8
835 7 10000 15466.8
835 8 10000 10615.9
835 9 10000 13230.2
835 10 10000 9659.2
860 0 10000 7980.5
860 1 10000 6093.7
860 2 10000 5765.9
860 3 10000 7753.1
860 4 10000 9431.2
860 5 10000 9885.8
860 6 10000 9034.7
860 7 10000 10878.8
860 8 10000 11259.6
860 9 10000 10321.0
860 10 10000 10483.3
885 0 10000 7943.3
885 1 10000 6098.5
885 2 10000 6264.1
885 3 10000 7439.3
885 4 10000 8992.8
885 5 10000 10883.1
885 6 10000 9114.4
885 7 10000 8989.3
885 8 10000 10174.4
885 9 10000 9253.5
885 10 10000 9865.7
910 0 10000 9140.9
910 1 10000 5826.7
910 2 10000 6643.9
910 3 10000 8595.3
910 4 10000 11164.6
910 5 10000 9173.3
910 6 10000 9857.8
910 7 10000 10358.5
910 8 10000 10600.2
910 9 10000 9577.3
910 10 10000 8847.5
935 0 10000 8028.5
935 1 10000 5870.6
935 2 10000 6094.2
935 3 10000 8635.5
935 4 10000 10209.7
935 5 10000 8545.5
935 6 10000 9584.7
935 7 10000 10964.2
935 8 10000 10442.9
935 9 10000 9157.0
935 10 10000 16043.9
960 0 10000 7947.5
960 1 10000 8149.4
960 2 10000 6209.4
960 3 10000 8253.2
960 4 10000 9866.2
960 5 10000 9645.0
960 6 10000 13999.4
960 7 10000 8294.1
960 8 10000 10358.5
960 9 10000 11410.3
960 10 10000 9042.3
985 0 10000 8195.3
985 1 10000 5981.4
985 2 10000 5868.8
985 3 10000 7257.1
985 4 10000 10332.7
985 5 10000 9116.0
985 6 10000 9445.6
985 7 10000 9232.3
985 8 10000 9430.2
985 9 10000 10920.9
985 10 10000 14408.8
^[[A1010 0 10000 8057.9
1010 1 10000 5895.4
1010 2 10000 6678.9
1010 3 10000 9513.2
1010 4 10000 13614.1
1010 5 10000 14165.4
1010 6 10000 13345.0
1010 7 10000 14290.5
1010 8 10000 14187.6
1010 9 10000 13532.8
1010 10 10000 13655.7
1035 0 10000 8342.8
1035 1 10000 6476.3
1035 2 10000 6133.9
1035 3 10000 8558.2
1035 4 10000 13336.8
1035 5 10000 13232.1
1035 6 10000 17096.0
1035 7 10000 15453.7
1035 8 10000 16958.6
1035 9 10000 14217.9
1035 10 10000 14545.7
1060 0 10000 8818.1
1060 1 10000 6459.7
1060 2 10000 6050.4
1060 3 10000 8724.9
1060 4 10000 14302.4
1060 5 10000 14746.7
1060 6 10000 13352.8
1060 7 10000 13610.8
1060 8 10000 12864.5
1060 9 10000 13803.0
1060 10 10000 13491.9
1085 0 10000 8142.5
1085 1 10000 6004.8
1085 2 10000 10846.7
1085 3 10000 10231.4
1085 4 10000 14138.3
1085 5 10000 19349.2
1085 6 10000 13233.4
1085 7 10000 14192.3
1085 8 10000 13613.5
1085 9 10000 13518.9
1085 10 10000 13626.0
1110 0 10000 8381.7
1110 1 10000 6015.6
1110 2 10000 5693.5
1110 3 10000 9037.5
1110 4 10000 13665.5
1110 5 10000 13416.1
1110 6 10000 14131.4
1110 7 10000 13449.7
1110 8 10000 13990.6
1110 9 10000 13717.3
1110 10 10000 13717.0
1135 0 10000 8134.6
1135 1 10000 6066.5
1135 2 10000 6434.7
1135 3 10000 9019.9
1135 4 10000 14620.9
1135 5 10000 14217.8
1135 6 10000 14048.9
1135 7 10000 14954.3
1135 8 10000 17547.0
1135 9 10000 14738.0
1135 10 10000 13716.6
1160 0 10000 8100.2
1160 1 10000 6426.2
1160 2 10000 13254.2
1160 3 10000 8800.9
1160 4 10000 14136.8
1160 5 10000 19765.4
1160 6 10000 13869.9
1160 7 10000 13362.6
1160 8 10000 13810.7
1160 9 10000 13478.4
1160 10 10000 14213.3
1185 0 10000 8367.5
1185 1 10000 5982.3
1185 2 10000 6255.2
1185 3 10000 8614.4
1185 4 10000 13018.4
1185 5 10000 13721.1
1185 6 10000 13732.3
1185 7 10000 13795.2
1185 8 10000 14369.8
1185 9 10000 13562.4
1185 10 10000 15738.8
1210 0 10000 8846.7
1210 1 10000 8007.0
1210 2 10000 8029.7
1210 3 10000 8556.6
1210 4 10000 9521.0
1210 5 10000 12576.3
1210 6 10000 10208.1
1210 7 10000 11299.6
1210 8 10000 16286.8
1210 9 10000 9265.5
1210 10 10000 12731.6
1235 0 10000 8144.3
1235 1 10000 6654.1
1235 2 10000 6006.8
1235 3 10000 7859.3
1235 4 10000 12589.6
1235 5 10000 12311.0
1235 6 10000 13884.7
1235 7 10000 13910.5
1235 8 10000 13587.5
1235 9 10000 13140.7
1235 10 10000 12659.8
1260 0 10000 12241.0
1260 1 10000 8335.5
1260 2 10000 8209.2
1260 3 10000 9220.7
1260 4 10000 9996.6
1260 5 10000 11587.5
1260 6 10000 10218.9
1260 7 10000 9722.4
1260 8 10000 10170.5
1260 9 10000 13613.3
1260 10 10000 12566.3
1285 0 10000 13025.8
1285 1 10000 8599.0
1285 2 10000 7185.4
1285 3 10000 9663.5
1285 4 10000 11500.8
1285 5 10000 10693.7
1285 6 10000 10832.7
1285 7 10000 10852.3
1285 8 10000 10560.6
1285 9 10000 11946.1
1285 10 10000 10023.0
1310 0 10000 12812.0
1310 1 10000 10948.7
1310 2 10000 11521.2
1310 3 10000 9721.7
1310 4 10000 10050.9
1310 5 10000 10602.4
1310 6 10000 10939.7
1310 7 10000 28060.8
1310 8 10000 9310.1
1310 9 10000 9935.2
1310 10 10000 9754.1
1335 0 10000 12818.7
1335 1 10000 8266.7
1335 2 10000 7897.9
1335 3 10000 10430.5
1335 4 10000 11278.8
1335 5 10000 10058.8
1335 6 10000 9847.3
1335 7 10000 10852.8
1335 8 10000 10090.6
1335 9 10000 10442.0
1335 10 10000 10788.4
1360 0 10000 12816.4
1360 1 10000 8430.6
1360 2 10000 7749.4
1360 3 10000 9582.4
1360 4 10000 10575.6
1360 5 10000 9926.9
1360 6 10000 10551.2
1360 7 10000 10204.1
1360 8 10000 10154.0
1360 9 10000 9852.5
1360 10 10000 13960.8
1385 0 10000 12559.6
1385 1 10000 8842.0
1385 2 10000 7672.2
1385 3 10000 9771.0
1385 4 10000 15849.2
1385 5 10000 10140.7
1385 6 10000 11386.9
1385 7 10000 10147.0
1385 8 10000 10118.4
1385 9 10000 10414.2
1385 10 10000 10415.9
1410 0 10000 12409.5
1410 1 10000 8115.9
1410 2 10000 8649.3
1410 3 10000 11204.3
1410 4 10000 11096.2
1410 5 10000 10479.4
1410 6 10000 9630.5
1410 7 10000 9840.4
1410 8 10000 9925.5
1410 9 10000 10336.9
1410 10 10000 10852.7
1435 0 10000 12418.1
1435 1 10000 8119.3
1435 2 10000 7672.2
1435 3 10000 10233.1
1435 4 10000 9714.5
1435 5 10000 9540.6
1435 6 10000 9981.5
1435 7 10000 9952.3
1435 8 10000 9668.5
1435 9 10000 9434.4
1435 10 10000 9803.9
1460 0 10000 12350.3
1460 1 10000 8783.7
1460 2 10000 8680.4
1460 3 10000 12430.8
1460 4 10000 10871.6
1460 5 10000 10165.5
1460 6 10000 16170.9
1460 7 10000 10395.1
1460 8 10000 10737.3
1460 9 10000 11213.1
1460 10 10000 10356.1
1485 0 10000 12468.3
1485 1 10000 10004.6
1485 2 10000 7596.8
1485 3 10000 11393.6
1485 4 10000 9822.9
1485 5 10000 10001.4
1485 6 10000 10410.1
1485 7 10000 10206.9
1485 8 10000 9968.9
1485 9 10000 10314.9
1485 10 10000 10572.3
1510 0 10000 12587.0
1510 1 10000 8104.8
1510 2 10000 7655.9
1510 3 10000 10955.5
1510 4 10000 9820.7
1510 5 10000 10908.3
1510 6 10000 10258.5
1510 7 10000 20564.2
1510 8 10000 9988.5
1510 9 10000 11012.1
1510 10 10000 10296.7
1535 0 10000 12755.0
1535 1 10000 9015.5
1535 2 10000 7472.7
1535 3 10000 9752.5
1535 4 10000 10238.9
1535 5 10000 10051.0
1535 6 10000 10564.8
1535 7 10000 10185.8
1535 8 10000 10653.1
1535 9 10000 10580.1
1535 10 10000 11103.5
1560 0 10000 12752.5
1560 1 10000 8730.7
1560 2 10000 8203.4
1560 3 10000 9731.9
1560 4 10000 11146.6
1560 5 10000 10459.9
1560 6 10000 10427.1
1560 7 10000 15001.2
1560 8 10000 10735.2
1560 9 10000 10820.6
1560 10 10000 10841.1
1585 0 10000 12264.9
1585 1 10000 8825.3
1585 2 10000 7205.4
1585 3 10000 10650.0
1585 4 10000 10669.8
1585 5 10000 11942.6
1585 6 10000 9849.8
1585 7 10000 9869.2
1585 8 10000 9999.1
1585 9 10000 10176.9
1585 10 10000 10537.9
1610 0 10000 12228.8
1610 1 10000 8633.4
1610 2 10000 7533.8
1610 3 10000 13090.3
1610 4 10000 10128.2
1610 5 10000 10078.8
1610 6 10000 10389.7
1610 7 10000 10380.9
1610 8 10000 10005.5
1610 9 10000 10156.4
1610 10 10000 10049.2
1635 0 10000 12263.9
1635 1 10000 8501.9
1635 2 10000 7787.8
1635 3 10000 10131.9
1635 4 10000 10484.5
1635 5 10000 9612.2
1635 6 10000 10031.2
1635 7 10000 10140.4
1635 8 10000 10591.1
1635 9 10000 10210.3
1635 10 10000 9828.9
1660 0 10000 12671.8
1660 1 10000 8168.7
1660 2 10000 7603.1
1660 3 10000 10079.4
1660 4 10000 10192.1
1660 5 10000 10183.5
1660 6 10000 10779.6
1660 7 10000 10575.3
1660 8 10000 9360.9
1660 9 10000 9494.4
1660 10 10000 10315.5
1685 0 10000 12925.0
1685 1 10000 8418.9
1685 2 10000 7112.9
1685 3 10000 9741.4
1685 4 10000 10676.3
1685 5 10000 9595.4
1685 6 10000 10759.8
1685 7 10000 9657.4
1685 8 10000 9961.6
1685 9 10000 12600.0
1685 10 10000 10487.4
1710 0 10000 12481.0
1710 1 10000 8843.0
1710 2 10000 10777.9
1710 3 10000 10846.4
1710 4 10000 10249.5
1710 5 10000 9600.4
1710 6 10000 10386.2
1710 7 10000 10435.9
1710 8 10000 10225.9
1710 9 10000 10135.5
1710 10 10000 10663.6
1735 0 10000 12628.7
1735 1 10000 8185.6
1735 2 10000 7486.2
1735 3 10000 9863.7
1735 4 10000 11124.8
1735 5 10000 10103.2
1735 6 10000 10846.7
1735 7 10000 10995.8
1735 8 10000 11096.5
1735 9 10000 9654.4
1735 10 10000 10740.7
1760 0 10000 12816.2
1760 1 10000 8469.3
1760 2 10000 7590.0
1760 3 10000 10481.5
1760 4 10000 10191.2
1760 5 10000 11911.4
1760 6 10000 11067.0
1760 7 10000 9910.5
1760 8 10000 10026.7
1760 9 10000 10756.0
1760 10 10000 10557.5
1785 0 10000 13068.1
1785 1 10000 8423.3
1785 2 10000 7714.6
1785 3 10000 11050.6
1785 4 10000 10131.4
1785 5 10000 10322.7
1785 6 10000 10277.0
1785 7 10000 10547.8
1785 8 10000 11517.7
1785 9 10000 10847.6
1785 10 10000 9949.4
1810 0 10000 13089.1
1810 1 10000 8490.1
1810 2 10000 8094.5
1810 3 10000 14271.5
1810 4 10000 9726.0
1810 5 10000 9595.2
1810 6 10000 10325.2
1810 7 10000 10119.2
1810 8 10000 9590.5
1810 9 10000 10219.3
1810 10 10000 10425.6
1835 0 10000 12955.4
1835 1 10000 8183.9
1835 2 10000 8433.0
1835 3 10000 12135.0
1835 4 10000 10146.2
1835 5 10000 10503.5
1835 6 10000 10001.5
1835 7 10000 10810.5
1835 8 10000 10068.5
1835 9 10000 10830.3
1835 10 10000 9909.1
1860 0 10000 12877.7
1860 1 10000 44232.2
1860 2 10000 7303.3
1860 3 10000 9412.1
1860 4 10000 9635.2
1860 5 10000 9633.0
1860 6 10000 19528.2
1860 7 10000 14856.5
1860 8 10000 10171.9
1860 9 10000 10333.1
1860 10 10000 9781.9
1885 0 10000 12310.3
1885 1 10000 8574.0
1885 2 10000 9643.8
1885 3 10000 10639.6
1885 4 10000 9871.6
1885 5 10000 8860.7
1885 6 10000 11695.2
1885 7 10000 12204.5
1885 8 10000 10604.9
1885 9 10000 11788.1
1885 10 10000 9947.8
1910 0 10000 13721.2
1910 1 10000 8431.4
1910 2 10000 8034.7
1910 3 10000 11538.4
1910 4 10000 16922.2
1910 5 10000 12079.6
1910 6 10000 9432.6
1910 7 10000 9741.1
1910 8 10000 9198.8
1910 9 10000 9234.4
1910 10 10000 9375.4
1935 0 10000 12373.1
1935 1 10000 8178.1
1935 2 10000 8010.0
1935 3 10000 9748.4
1935 4 10000 9028.6
1935 5 10000 9352.8
1935 6 10000 9067.6
1935 7 10000 9436.9
1935 8 10000 9035.0
1935 9 10000 9552.3
1935 10 10000 9431.9
1960 0 10000 12563.8
1960 1 10000 8090.0
1960 2 10000 7295.3
1960 3 10000 9616.9
1960 4 10000 9336.5
1960 5 10000 9224.8
1960 6 10000 9939.4
1960 7 10000 9103.4
1960 8 10000 9406.6
1960 9 10000 9548.8
1960 10 10000 9127.1
1985 0 10000 12254.9
1985 1 10000 8088.8
1985 2 10000 6524.1
1985 3 10000 9124.9
1985 4 10000 10144.4
1985 5 10000 9194.8
1985 6 10000 10399.1
1985 7 10000 9276.8
1985 8 10000 10191.8
1985 9 10000 27717.5
1985 10 10000 9657.7
2010 0 10000 12544.6
2010 1 10000 8191.0
2010 2 10000 7407.5
2010 3 10000 8712.0
2010 4 10000 8805.8
2010 5 10000 9401.2
2010 6 10000 9216.8
2010 7 10000 8616.2
2010 8 10000 11297.1
2010 9 10000 9187.7
2010 10 10000 8697.9
10 0 100000 44763.2
10 1 100000 94677.4
10 2 100000 79915.3
10 3 100000 76808.1
10 4 100000 74920.7
10 5 100000 75939.0
10 6 100000 82332.2
10 7 100000 118388.0
10 8 100000 201956.8
10 9 100000 366181.0
10 10 100000 627182.1
35 0 100000 18454.3
35 1 100000 25926.1
35 2 100000 23697.4
35 3 100000 25463.7
35 4 100000 25766.9
35 5 100000 28372.5
35 6 100000 40739.6
35 7 100000 85863.3
35 8 100000 173337.9
35 9 100000 322748.4
35 10 100000 631598.9
60 0 100000 14254.2
60 1 100000 15296.9
60 2 100000 15109.9
60 3 100000 16235.7
60 4 100000 17453.9
60 5 100000 20561.4
60 6 100000 38753.7
60 7 100000 87361.7
60 8 100000 169275.4
60 9 100000 339633.7
60 10 100000 620856.4
85 0 100000 14313.5
85 1 100000 15520.0
85 2 100000 14998.0
85 3 100000 19046.6
85 4 100000 17931.5
85 5 100000 21237.7
85 6 100000 42756.0
85 7 100000 91289.8
85 8 100000 164546.3
85 9 100000 320826.2
85 10 100000 644131.6
110 0 100000 13356.3
110 1 100000 11061.7
110 2 100000 10322.2
110 3 100000 12271.9
110 4 100000 14401.0
110 5 100000 17776.5
110 6 100000 41275.8
110 7 100000 85649.0
110 8 100000 173143.3
110 9 100000 324617.3
110 10 100000 646948.7
135 0 100000 13441.6
135 1 100000 10906.3
135 2 100000 10544.1
135 3 100000 12522.2
135 4 100000 14623.1
135 5 100000 18279.0
135 6 100000 39345.5
135 7 100000 84145.4
135 8 100000 165905.2
135 9 100000 329236.0
135 10 100000 649951.9
160 0 100000 13397.4
160 1 100000 11048.8
160 2 100000 10655.6
160 3 100000 11912.6
160 4 100000 14495.6
160 5 100000 21133.4
160 6 100000 39391.1
160 7 100000 92171.2
160 8 100000 171136.6
160 9 100000 334409.6
160 10 100000 651327.3
185 0 100000 13556.1
185 1 100000 11184.6
185 2 100000 10805.3
185 3 100000 12131.1
185 4 100000 14700.5
185 5 100000 20857.7
185 6 100000 41519.7
185 7 100000 89649.5
185 8 100000 175924.1
185 9 100000 335673.2
185 10 100000 648791.3
210 0 100000 15237.8
210 1 100000 10527.6
210 2 100000 10061.5
210 3 100000 12046.8
210 4 100000 15733.7
210 5 100000 24702.7
210 6 100000 45830.4
210 7 100000 89237.2
210 8 100000 174869.9
210 9 100000 321579.0
210 10 100000 336926.0
235 0 100000 15272.6
235 1 100000 10685.5
235 2 100000 9671.5
235 3 100000 11852.5
235 4 100000 14310.8
235 5 100000 21877.6
235 6 100000 43061.1
235 7 100000 92882.9
235 8 100000 182552.5
235 9 100000 341076.7
235 10 100000 335545.9
260 0 100000 15245.6
260 1 100000 10573.6
260 2 100000 10031.0
260 3 100000 11571.5
260 4 100000 17207.0
260 5 100000 26771.5
260 6 100000 51918.4
260 7 100000 104552.1
260 8 100000 186379.0
260 9 100000 362398.2
260 10 100000 365656.8
285 0 100000 15253.1
285 1 100000 10708.3
285 2 100000 9558.9
285 3 100000 12403.8
285 4 100000 17490.1
285 5 100000 28882.8
285 6 100000 55774.3
285 7 100000 104237.3
285 8 100000 188859.9
285 9 100000 351060.9
285 10 100000 347628.2
310 0 100000 15206.4
310 1 100000 10625.2
310 2 100000 10098.8
310 3 100000 12517.9
310 4 100000 17470.5
310 5 100000 29162.7
310 6 100000 55356.9
310 7 100000 104351.7
310 8 100000 193896.7
310 9 100000 359005.9
310 10 100000 338723.2
335 0 100000 15186.4
335 1 100000 11473.5
335 2 100000 9351.3
335 3 100000 11733.0
335 4 100000 17259.7
335 5 100000 32962.3
335 6 100000 53946.5
335 7 100000 107270.6
335 8 100000 191346.2
335 9 100000 362644.2
335 10 100000 358987.6
360 0 100000 15270.0
360 1 100000 11312.2
360 2 100000 10079.3
360 3 100000 12451.6
360 4 100000 18681.9
360 5 100000 29932.1
360 6 100000 55909.8
360 7 100000 108611.8
360 8 100000 189949.6
360 9 100000 349539.2
360 10 100000 368321.3
385 0 100000 15226.6
385 1 100000 10483.5
385 2 100000 9672.1
385 3 100000 12479.1
385 4 100000 20555.8
385 5 100000 31735.4
385 6 100000 56082.2
385 7 100000 104855.0
385 8 100000 200840.7
385 9 100000 359670.7
385 10 100000 362577.1
410 0 100000 20487.1
410 1 100000 13027.5
410 2 100000 11175.5
410 3 100000 15235.9
410 4 100000 19864.2
410 5 100000 34393.2
410 6 100000 59800.7
410 7 100000 105309.3
410 8 100000 198021.6
410 9 100000 195797.9
410 10 100000 189728.1
435 0 100000 20371.5
435 1 100000 13112.1
435 2 100000 10886.2
435 3 100000 13794.3
435 4 100000 18413.1
435 5 100000 25540.8
435 6 100000 48846.8
435 7 100000 95520.9
435 8 100000 188277.9
435 9 100000 181998.7
435 10 100000 186200.8
460 0 100000 20481.2
460 1 100000 13108.0
460 2 100000 11193.4
460 3 100000 14119.2
460 4 100000 18657.3
460 5 100000 29623.3
460 6 100000 55816.9
460 7 100000 104532.9
460 8 100000 192124.2
460 9 100000 186857.1
460 10 100000 194290.1
485 0 100000 20456.0
485 1 100000 13396.1
485 2 100000 10465.8
485 3 100000 14594.9
485 4 100000 19818.5
485 5 100000 33384.3
485 6 100000 61407.9
485 7 100000 102247.4
485 8 100000 193183.9
485 9 100000 190512.7
485 10 100000 192307.9
510 0 100000 20509.4
510 1 100000 13130.2
510 2 100000 11158.7
510 3 100000 13949.5
510 4 100000 19954.6
510 5 100000 32162.0
510 6 100000 59609.3
510 7 100000 108177.3
510 8 100000 196898.0
510 9 100000 195836.5
510 10 100000 183775.5
535 0 100000 20561.2
535 1 100000 13033.4
535 2 100000 14727.8
535 3 100000 14520.9
535 4 100000 19956.4
535 5 100000 31328.1
535 6 100000 61522.0
535 7 100000 107089.4
535 8 100000 194719.6
535 9 100000 192832.3
535 10 100000 193349.0
560 0 100000 20366.4
560 1 100000 13143.4
560 2 100000 11797.3
560 3 100000 14397.0
560 4 100000 21322.7
560 5 100000 35289.9
560 6 100000 61205.1
560 7 100000 103847.4
560 8 100000 195961.8
560 9 100000 194649.2
560 10 100000 194898.6
585 0 100000 20428.7
585 1 100000 13093.1
585 2 100000 12228.2
585 3 100000 15309.6
585 4 100000 21564.7
585 5 100000 35118.5
585 6 100000 56684.1
585 7 100000 105395.7
585 8 100000 189862.2
585 9 100000 192846.4
585 10 100000 197398.7
610 0 100000 20422.0
610 1 100000 13088.1
610 2 100000 11827.0
610 3 100000 14915.8
610 4 100000 21915.5
610 5 100000 33970.5
610 6 100000 59246.0
610 7 100000 103746.0
610 8 100000 198297.2
610 9 100000 198670.5
610 10 100000 202189.4
635 0 100000 20401.0
635 1 100000 13087.4
635 2 100000 11212.7
635 3 100000 14946.4
635 4 100000 21414.3
635 5 100000 34298.3
635 6 100000 57980.6
635 7 100000 108195.8
635 8 100000 197213.1
635 9 100000 197162.2
635 10 100000 205432.4
660 0 100000 20374.8
660 1 100000 13072.8
660 2 100000 11302.4
660 3 100000 15374.0
660 4 100000 21223.7
660 5 100000 34565.0
660 6 100000 58643.9
660 7 100000 110245.7
660 8 100000 188798.5
660 9 100000 185023.7
660 10 100000 198530.5
685 0 100000 20430.0
685 1 100000 13064.5
685 2 100000 11139.7
685 3 100000 15855.4
685 4 100000 19674.0
685 5 100000 32623.3
685 6 100000 59941.5
685 7 100000 107624.0
685 8 100000 197302.4
685 9 100000 193067.4
685 10 100000 193448.0
710 0 100000 20518.9
710 1 100000 18098.5
710 2 100000 11003.1
710 3 100000 16929.3
710 4 100000 20103.6
710 5 100000 33161.4
710 6 100000 60318.0
710 7 100000 103268.5
710 8 100000 197285.6
710 9 100000 188262.4
710 10 100000 199791.4
735 0 100000 20420.8
735 1 100000 13163.8
735 2 100000 10722.5
735 3 100000 14223.5
735 4 100000 20610.9
735 5 100000 34044.5
735 6 100000 57486.9
735 7 100000 99991.5
735 8 100000 195726.1
735 9 100000 201477.7
735 10 100000 199251.2
760 0 100000 20483.2
760 1 100000 13107.3
760 2 100000 10952.2
760 3 100000 15934.7
760 4 100000 20794.2
760 5 100000 33109.4
760 6 100000 55991.2
760 7 100000 109303.1
760 8 100000 195398.9
760 9 100000 192416.1
760 10 100000 193249.9
785 0 100000 32658.9
785 1 100000 18909.5
785 2 100000 15492.6
785 3 100000 19420.2
785 4 100000 27293.5
785 5 100000 37490.5
785 6 100000 62153.5
785 7 100000 105032.4
785 8 100000 104415.6
785 9 100000 113695.9
785 10 100000 109982.3
810 0 100000 32248.7
810 1 100000 18828.6
810 2 100000 14011.7
810 3 100000 18763.4
810 4 100000 26043.3
810 5 100000 36685.6
810 6 100000 62725.3
810 7 100000 111556.4
810 8 100000 109840.7
810 9 100000 110265.2
810 10 100000 111175.5
835 0 100000 32224.6
835 1 100000 18865.2
835 2 100000 14492.0
835 3 100000 19700.4
835 4 100000 27012.0
835 5 100000 37735.8
835 6 100000 61812.6
835 7 100000 111991.4
835 8 100000 107024.7
835 9 100000 107022.9
835 10 100000 108021.8
860 0 100000 32335.1
860 1 100000 19003.3
860 2 100000 15026.7
860 3 100000 18505.2
860 4 100000 23599.3
860 5 100000 179668.8
860 6 100000 64514.2
860 7 100000 110559.0
860 8 100000 111364.0
860 9 100000 112423.0
860 10 100000 109549.3
885 0 100000 32730.2
885 1 100000 18965.8
885 2 100000 14186.7
885 3 100000 20923.9
885 4 100000 26653.3
885 5 100000 39764.0
885 6 100000 63419.1
885 7 100000 114092.5
885 8 100000 107563.0
885 9 100000 109561.3
885 10 100000 112089.3
910 0 100000 32288.6
910 1 100000 19717.1
910 2 100000 14165.1
910 3 100000 18085.8
910 4 100000 24692.2
910 5 100000 35033.4
910 6 100000 61086.5
910 7 100000 110862.1
910 8 100000 105339.6
910 9 100000 107928.7
910 10 100000 109457.0
935 0 100000 32318.4
935 1 100000 18964.3
935 2 100000 15052.1
935 3 100000 18472.9
935 4 100000 25618.3
935 5 100000 39300.0
935 6 100000 62515.4
935 7 100000 106359.2
935 8 100000 107751.5
935 9 100000 106691.4
935 10 100000 109814.0
960 0 100000 32269.4
960 1 100000 18883.5
960 2 100000 13947.0
960 3 100000 19225.7
960 4 100000 24775.1
960 5 100000 36369.1
960 6 100000 63186.2
960 7 100000 105950.6
960 8 100000 113448.1
960 9 100000 113674.5
960 10 100000 109144.1
985 0 100000 32237.0
985 1 100000 18857.4
985 2 100000 14584.4
985 3 100000 19325.2
985 4 100000 26390.4
985 5 100000 36876.1
985 6 100000 60535.2
985 7 100000 113176.6
985 8 100000 107377.7
985 9 100000 110116.0
985 10 100000 108858.0
1010 0 100000 32240.3
1010 1 100000 18850.7
1010 2 100000 15500.8
1010 3 100000 18995.6
1010 4 100000 25649.9
1010 5 100000 38407.4
1010 6 100000 65132.4
1010 7 100000 110947.6
1010 8 100000 114383.1
1010 9 100000 111409.0
1010 10 100000 112880.7
1035 0 100000 32251.2
1035 1 100000 19280.1
1035 2 100000 14546.4
1035 3 100000 19459.9
1035 4 100000 26253.2
1035 5 100000 37926.1
1035 6 100000 63488.7
1035 7 100000 110094.9
1035 8 100000 114066.4
1035 9 100000 109064.8
1035 10 100000 112375.5
1060 0 100000 32263.0
1060 1 100000 18853.6
1060 2 100000 15097.3
1060 3 100000 20069.1
1060 4 100000 26859.5
1060 5 100000 38384.5
1060 6 100000 61972.1
1060 7 100000 108847.4
1060 8 100000 106636.8
1060 9 100000 103441.1
1060 10 100000 111472.8
1085 0 100000 32198.3
1085 1 100000 18824.6
1085 2 100000 15007.5
1085 3 100000 19004.3
1085 4 100000 26438.2
1085 5 100000 37821.9
1085 6 100000 63831.7
1085 7 100000 111744.6
1085 8 100000 110438.7
1085 9 100000 110167.1
1085 10 100000 112437.7
1110 0 100000 32275.9
1110 1 100000 19054.0
1110 2 100000 15209.4
1110 3 100000 18924.6
1110 4 100000 27076.6
1110 5 100000 37507.4
1110 6 100000 62742.7
1110 7 100000 106724.1
1110 8 100000 112883.5
1110 9 100000 112471.0
1110 10 100000 107226.9
1135 0 100000 32256.3
1135 1 100000 18832.9
1135 2 100000 14527.8
1135 3 100000 25642.9
1135 4 100000 26761.1
1135 5 100000 38933.8
1135 6 100000 63649.4
1135 7 100000 110305.4
1135 8 100000 109340.2
1135 9 100000 112290.9
1135 10 100000 108808.5
1160 0 100000 32300.5
1160 1 100000 19098.5
1160 2 100000 14723.1
1160 3 100000 18813.5
1160 4 100000 25903.8
1160 5 100000 38779.1
1160 6 100000 64284.3
1160 7 100000 111670.5
1160 8 100000 107663.5
1160 9 100000 107535.3
1160 10 100000 112316.2
1185 0 100000 32437.7
1185 1 100000 19034.6
1185 2 100000 15593.6
1185 3 100000 19045.5
1185 4 100000 24887.9
1185 5 100000 38809.3
1185 6 100000 63608.8
1185 7 100000 114672.5
1185 8 100000 110021.4
1185 9 100000 113649.7
1185 10 100000 104921.2
1210 0 100000 32188.7
1210 1 100000 19328.7
1210 2 100000 14373.9
1210 3 100000 19680.6
1210 4 100000 27508.9
1210 5 100000 37653.7
1210 6 100000 63160.6
1210 7 100000 107872.4
1210 8 100000 113029.4
1210 9 100000 113362.7
1210 10 100000 111991.9
1235 0 100000 32309.9
1235 1 100000 18930.5
1235 2 100000 14934.2
1235 3 100000 19662.5
1235 4 100000 25099.1
1235 5 100000 37965.9
1235 6 100000 64740.6
1235 7 100000 108988.0
1235 8 100000 111853.3
1235 9 100000 112833.6
1235 10 100000 106815.0
1260 0 100000 32244.3
1260 1 100000 19028.8
1260 2 100000 14724.0
1260 3 100000 19980.7
1260 4 100000 26575.6
1260 5 100000 38768.5
1260 6 100000 63982.1
1260 7 100000 112021.1
1260 8 100000 107693.7
1260 9 100000 112969.5
1260 10 100000 111758.9
1285 0 100000 32485.3
1285 1 100000 19048.9
1285 2 100000 14107.4
1285 3 100000 19816.1
1285 4 100000 26808.5
1285 5 100000 36271.4
1285 6 100000 62514.4
1285 7 100000 112399.9
1285 8 100000 113275.1
1285 9 100000 114642.2
1285 10 100000 115304.7
1310 0 100000 32401.3
1310 1 100000 18878.0
1310 2 100000 13584.0
1310 3 100000 20958.9
1310 4 100000 26191.0
1310 5 100000 38084.9
1310 6 100000 65129.6
1310 7 100000 110981.4
1310 8 100000 112460.1
1310 9 100000 112937.7
1310 10 100000 112867.4
1335 0 100000 32578.7
1335 1 100000 18999.1
1335 2 100000 14498.0
1335 3 100000 19889.3
1335 4 100000 26635.5
1335 5 100000 38177.2
1335 6 100000 64879.7
1335 7 100000 110211.9
1335 8 100000 109993.6
1335 9 100000 111337.7
1335 10 100000 112700.5
1360 0 100000 32251.7
1360 1 100000 18951.0
1360 2 100000 14910.6
1360 3 100000 19752.7
1360 4 100000 26674.3
1360 5 100000 39445.8
1360 6 100000 66254.7
1360 7 100000 109777.4
1360 8 100000 110369.5
1360 9 100000 108659.2
1360 10 100000 108620.9
1385 0 100000 32293.9
1385 1 100000 18826.4
1385 2 100000 14477.5
1385 3 100000 18835.9
1385 4 100000 26381.7
1385 5 100000 39656.9
1385 6 100000 64527.9
1385 7 100000 113607.3
1385 8 100000 112063.9
1385 9 100000 109430.9
1385 10 100000 110850.1
1410 0 100000 32284.5
1410 1 100000 18866.7
1410 2 100000 14142.9
1410 3 100000 18969.0
1410 4 100000 26410.3
1410 5 100000 38833.6
1410 6 100000 64972.0
1410 7 100000 112230.8
1410 8 100000 113110.8
1410 9 100000 109976.3
1410 10 100000 110700.5
1435 0 100000 32260.9
1435 1 100000 19007.5
1435 2 100000 14706.6
1435 3 100000 19456.9
1435 4 100000 26622.2
1435 5 100000 38740.6
1435 6 100000 64135.2
1435 7 100000 113401.1
1435 8 100000 111330.2
1435 9 100000 110965.8
1435 10 100000 112537.7
1460 0 100000 32259.2
1460 1 100000 19204.3
1460 2 100000 14747.1
1460 3 100000 20192.6
1460 4 100000 26832.7
1460 5 100000 38649.8
1460 6 100000 64283.0
1460 7 100000 110170.3
1460 8 100000 110756.1
1460 9 100000 113115.6
1460 10 100000 111071.6
1485 0 100000 32407.8
1485 1 100000 19140.4
1485 2 100000 14875.5
1485 3 100000 19955.1
1485 4 100000 26088.4
1485 5 100000 37662.4
1485 6 100000 63946.4
1485 7 100000 111393.4
1485 8 100000 108443.7
1485 9 100000 105290.9
1485 10 100000 111071.4
1510 0 100000 32498.2
1510 1 100000 18978.9
1510 2 100000 15165.7
1510 3 100000 19258.9
1510 4 100000 27144.4
1510 5 100000 38136.3
1510 6 100000 66645.0
1510 7 100000 112659.7
1510 8 100000 108459.7
1510 9 100000 108396.8
1510 10 100000 113199.2
1535 0 100000 32584.3
1535 1 100000 18976.5
1535 2 100000 15262.5
1535 3 100000 19544.3
1535 4 100000 26404.4
1535 5 100000 38335.8
1535 6 100000 62269.0
1535 7 100000 107638.5
1535 8 100000 113447.4
1535 9 100000 107326.4
1535 10 100000 112503.1
1560 0 100000 32376.3
1560 1 100000 18915.0
1560 2 100000 14401.4
1560 3 100000 18818.7
1560 4 100000 26248.7
1560 5 100000 37624.8
1560 6 100000 62691.7
1560 7 100000 111765.6
1560 8 100000 110903.8
1560 9 100000 108537.0
1560 10 100000 108074.0
1585 0 100000 56269.8
1585 1 100000 31040.0
1585 2 100000 20401.5
1585 3 100000 27580.9
1585 4 100000 34481.6
1585 5 100000 43675.3
1585 6 100000 68992.5
1585 7 100000 67150.8
1585 8 100000 67053.5
1585 9 100000 70565.5
1585 10 100000 67780.4
1610 0 100000 56184.9
1610 1 100000 31178.9
1610 2 100000 22412.2
1610 3 100000 27164.4
1610 4 100000 34621.6
1610 5 100000 45014.6
1610 6 100000 69857.1
1610 7 100000 68908.7
1610 8 100000 69161.5
1610 9 100000 69837.6
1610 10 100000 70527.1
1635 0 100000 56078.5
1635 1 100000 31130.3
1635 2 100000 20469.7
1635 3 100000 28870.0
1635 4 100000 35322.9
1635 5 100000 45803.3
1635 6 100000 67544.1
1635 7 100000 69233.9
1635 8 100000 70788.1
1635 9 100000 69565.2
1635 10 100000 70540.0
1660 0 100000 56146.9
1660 1 100000 31062.1
1660 2 100000 21154.0
1660 3 100000 27505.3
1660 4 100000 33394.7
1660 5 100000 44548.0
1660 6 100000 68616.8
1660 7 100000 66740.6
1660 8 100000 69565.3
1660 9 100000 69668.5
1660 10 100000 69163.8
1685 0 100000 56148.8
1685 1 100000 31078.6
1685 2 100000 21766.6
1685 3 100000 27340.6
1685 4 100000 31676.1
1685 5 100000 44579.9
1685 6 100000 68956.7
1685 7 100000 68266.1
1685 8 100000 69372.1
1685 9 100000 71161.3
1685 10 100000 70937.4
1710 0 100000 56174.5
1710 1 100000 31024.0
1710 2 100000 21214.7
1710 3 100000 27672.3
1710 4 100000 34407.9
1710 5 100000 46147.1
1710 6 100000 67977.8
1710 7 100000 70637.6
1710 8 100000 71658.4
1710 9 100000 67000.1
1710 10 100000 70404.5
1735 0 100000 56102.2
1735 1 100000 31112.5
1735 2 100000 20775.8
1735 3 100000 25638.4
1735 4 100000 27893.5
1735 5 100000 31768.7
1735 6 100000 39292.6
1735 7 100000 35810.5
1735 8 100000 36418.0
1735 9 100000 37666.8
1735 10 100000 38560.1
1760 0 100000 56232.8
1760 1 100000 31134.8
1760 2 100000 21275.8
1760 3 100000 26681.2
1760 4 100000 28513.5
1760 5 100000 31523.0
1760 6 100000 38679.3
1760 7 100000 36633.8
1760 8 100000 36030.8
1760 9 100000 37194.1
1760 10 100000 35831.3
1785 0 100000 56095.2
1785 1 100000 31020.4
1785 2 100000 20311.8
1785 3 100000 26738.5
1785 4 100000 28479.8
1785 5 100000 32027.1
1785 6 100000 38489.3
1785 7 100000 36930.4
1785 8 100000 36457.3
1785 9 100000 37352.8
1785 10 100000 37549.4
1810 0 100000 56242.9
1810 1 100000 31241.6
1810 2 100000 24599.2
1810 3 100000 26230.7
1810 4 100000 29560.3
1810 5 100000 31880.4
1810 6 100000 39763.6
1810 7 100000 37845.3
1810 8 100000 37314.9
1810 9 100000 39099.2
1810 10 100000 36341.5
1835 0 100000 56841.1
1835 1 100000 31075.2
1835 2 100000 21551.6
1835 3 100000 25616.5
1835 4 100000 29955.4
1835 5 100000 31179.5
1835 6 100000 36004.0
1835 7 100000 35951.2
1835 8 100000 40194.8
1835 9 100000 38302.7
1835 10 100000 36379.0
1860 0 100000 56165.7
1860 1 100000 31184.6
1860 2 100000 21803.4
1860 3 100000 25947.8
1860 4 100000 29001.7
1860 5 100000 32331.9
1860 6 100000 39184.9
1860 7 100000 39796.5
1860 8 100000 38712.6
1860 9 100000 38527.6
1860 10 100000 37500.3
1885 0 100000 56043.7
1885 1 100000 33008.5
1885 2 100000 20194.9
1885 3 100000 26462.2
1885 4 100000 28863.1
1885 5 100000 32265.6
1885 6 100000 36842.0
1885 7 100000 37880.1
1885 8 100000 36141.5
1885 9 100000 37395.8
1885 10 100000 37806.3
1910 0 100000 56088.0
1910 1 100000 31176.8
1910 2 100000 22092.5
1910 3 100000 25563.3
1910 4 100000 29440.5
1910 5 100000 31448.7
1910 6 100000 37720.7
1910 7 100000 39959.5
1910 8 100000 40396.9
1910 9 100000 37750.8
1910 10 100000 37978.9
1935 0 100000 56162.0
1935 1 100000 30977.6
1935 2 100000 20684.2
1935 3 100000 25498.2
1935 4 100000 27457.5
1935 5 100000 30878.0
1935 6 100000 37109.8
1935 7 100000 37995.9
1935 8 100000 39661.1
1935 9 100000 38910.9
1935 10 100000 37408.1
1960 0 100000 56280.5
1960 1 100000 31207.5
1960 2 100000 21193.6
1960 3 100000 26242.0
1960 4 100000 28202.5
1960 5 100000 31058.8
1960 6 100000 36398.2
1960 7 100000 37346.6
1960 8 100000 37478.3
1960 9 100000 38862.0
1960 10 100000 38552.6
1985 0 100000 56224.8
1985 1 100000 31048.1
1985 2 100000 20764.0
1985 3 100000 26033.6
1985 4 100000 29373.1
1985 5 100000 31274.2
1985 6 100000 39296.5
1985 7 100000 36671.0
1985 8 100000 36669.9
1985 9 100000 37108.1
1985 10 100000 38257.9
2010 0 100000 56082.9
2010 1 100000 31345.3
2010 2 100000 21245.0
2010 3 100000 25583.9
2010 4 100000 29031.5
2010 5 100000 31600.2
2010 6 100000 37148.4
2010 7 100000 36938.4
2010 8 100000 38589.9
2010 9 100000 37318.8
2010 10 100000 36605.5
10 0 1000000 360444.2
10 1 1000000 736287.3
10 2 1000000 615659.6
10 3 1000000 558957.4
10 4 1000000 529762.3
10 5 1000000 519302.1
10 6 1000000 516313.7
10 7 1000000 528034.0
10 8 1000000 543321.9
10 9 1000000 593869.8
10 10 1000000 803749.2
35 0 1000000 154302.2
35 1 1000000 182965.7
35 2 1000000 168847.7
35 3 1000000 158286.4
35 4 1000000 156216.0
35 5 1000000 149965.0
35 6 1000000 154735.3
35 7 1000000 169599.3
35 8 1000000 200101.7
35 9 1000000 261576.5
35 10 1000000 506089.2
60 0 1000000 154636.9
60 1 1000000 189040.9
60 2 1000000 169356.0
60 3 1000000 155607.6
60 4 1000000 155091.4
60 5 1000000 152506.3
60 6 1000000 156820.1
60 7 1000000 172100.4
60 8 1000000 197300.2
60 9 1000000 258355.0
60 10 1000000 543621.7
85 0 1000000 130713.4
85 1 1000000 105971.4
85 2 1000000 97936.3
85 3 1000000 93491.7
85 4 1000000 94214.5
85 5 1000000 93125.0
85 6 1000000 99880.5
85 7 1000000 115297.4
85 8 1000000 141041.6
85 9 1000000 216553.2
85 10 1000000 495720.6
110 0 1000000 130981.5
110 1 1000000 105994.6
110 2 1000000 97859.6
110 3 1000000 94504.6
110 4 1000000 94627.1
110 5 1000000 93684.0
110 6 1000000 102023.4
110 7 1000000 114811.1
110 8 1000000 142273.9
110 9 1000000 215223.4
110 10 1000000 509567.4
135 0 1000000 138989.0
135 1 1000000 86973.9
135 2 1000000 66550.7
135 3 1000000 72022.2
135 4 1000000 73524.4
135 5 1000000 74961.6
135 6 1000000 81229.8
135 7 1000000 93988.4
135 8 1000000 126398.3
135 9 1000000 202937.5
135 10 1000000 499107.1
160 0 1000000 139303.4
160 1 1000000 86536.0
160 2 1000000 67054.9
160 3 1000000 71232.6
160 4 1000000 74355.9
160 5 1000000 75570.6
160 6 1000000 83350.9
160 7 1000000 97287.3
160 8 1000000 128116.5
160 9 1000000 206722.8
160 10 1000000 490798.2
185 0 1000000 139132.4
185 1 1000000 86963.0
185 2 1000000 66977.6
185 3 1000000 71443.1
185 4 1000000 74072.4
185 5 1000000 75901.8
185 6 1000000 82696.3
185 7 1000000 95290.9
185 8 1000000 128354.8
185 9 1000000 206945.5
185 10 1000000 512570.5
210 0 1000000 139219.6
210 1 1000000 86898.0
210 2 1000000 66726.8
210 3 1000000 70205.7
210 4 1000000 73995.9
210 5 1000000 75754.3
210 6 1000000 84315.1
210 7 1000000 94748.2
210 8 1000000 124073.2
210 9 1000000 205851.6
210 10 1000000 490283.0
235 0 1000000 139279.9
235 1 1000000 86754.6
235 2 1000000 66748.2
235 3 1000000 72315.8
235 4 1000000 75484.5
235 5 1000000 75096.4
235 6 1000000 82016.5
235 7 1000000 97083.9
235 8 1000000 122299.7
235 9 1000000 207373.1
235 10 1000000 517773.5
260 0 1000000 187118.9
260 1 1000000 104631.1
260 2 1000000 68588.2
260 3 1000000 76529.1
260 4 1000000 78138.3
260 5 1000000 81727.2
260 6 1000000 86417.9
260 7 1000000 100372.5
260 8 1000000 126732.1
260 9 1000000 217192.8
260 10 1000000 504236.9
285 0 1000000 185337.8
285 1 1000000 104648.2
285 2 1000000 67730.8
285 3 1000000 75267.5
285 4 1000000 78652.4
285 5 1000000 81449.8
285 6 1000000 87925.3
285 7 1000000 98745.5
285 8 1000000 128337.3
285 9 1000000 209719.1
285 10 1000000 502142.3
310 0 1000000 185322.2
310 1 1000000 104672.3
310 2 1000000 67556.6
310 3 1000000 75875.5
310 4 1000000 80378.0
310 5 1000000 82268.9
310 6 1000000 87813.7
310 7 1000000 99028.4
310 8 1000000 129813.4
310 9 1000000 206742.2
310 10 1000000 503996.2
335 0 1000000 185344.4
335 1 1000000 104443.4
335 2 1000000 67133.0
335 3 1000000 76037.4
335 4 1000000 79132.0
335 5 1000000 80556.4
335 6 1000000 86696.0
335 7 1000000 103544.5
335 8 1000000 128270.8
335 9 1000000 209446.4
335 10 1000000 523785.3
360 0 1000000 185496.9
360 1 1000000 104677.1
360 2 1000000 67335.9
360 3 1000000 74994.3
360 4 1000000 78503.1
360 5 1000000 81030.3
360 6 1000000 86939.0
360 7 1000000 100827.6
360 8 1000000 126967.1
360 9 1000000 208264.5
360 10 1000000 509702.7
385 0 1000000 185400.5
385 1 1000000 104416.1
385 2 1000000 67108.4
385 3 1000000 74684.2
385 4 1000000 78548.8
385 5 1000000 82320.3
385 6 1000000 86711.3
385 7 1000000 100972.5
385 8 1000000 135673.5
385 9 1000000 217038.1
385 10 1000000 520498.7
410 0 1000000 185325.2
410 1 1000000 105096.8
410 2 1000000 67746.0
410 3 1000000 74754.3
410 4 1000000 80362.5
410 5 1000000 80836.1
410 6 1000000 88284.6
410 7 1000000 99831.8
410 8 1000000 130480.7
410 9 1000000 218904.6
410 10 1000000 521680.9
435 0 1000000 186276.4
435 1 1000000 104538.2
435 2 1000000 68278.3
435 3 1000000 75620.6
435 4 1000000 78802.2
435 5 1000000 79486.7
435 6 1000000 86129.6
435 7 1000000 99984.2
435 8 1000000 135944.4
435 9 1000000 225910.0
435 10 1000000 513848.7
460 0 1000000 185598.0
460 1 1000000 104738.0
460 2 1000000 67651.3
460 3 1000000 75199.4
460 4 1000000 80233.9
460 5 1000000 81609.8
460 6 1000000 86749.4
460 7 1000000 99383.6
460 8 1000000 129336.5
460 9 1000000 227442.1
460 10 1000000 519921.3
485 0 1000000 185471.2
485 1 1000000 104255.2
485 2 1000000 67470.7
485 3 1000000 76381.4
485 4 1000000 78388.2
485 5 1000000 81928.3
485 6 1000000 87920.9
485 7 1000000 99745.7
485 8 1000000 129115.8
485 9 1000000 218074.2
485 10 1000000 506636.7
510 0 1000000 293905.9
510 1 1000000 157673.4
510 2 1000000 96549.2
510 3 1000000 105938.0
510 4 1000000 106007.9
510 5 1000000 108693.8
510 6 1000000 113818.5
510 7 1000000 128051.8
510 8 1000000 155004.0
510 9 1000000 230288.0
510 10 1000000 528401.1
535 0 1000000 293887.9
535 1 1000000 157555.0
535 2 1000000 94276.9
535 3 1000000 104067.8
535 4 1000000 106390.1
535 5 1000000 107239.8
535 6 1000000 114139.5
535 7 1000000 128198.9
535 8 1000000 154882.4
535 9 1000000 249443.0
535 10 1000000 538612.9
560 0 1000000 294022.4
560 1 1000000 157766.5
560 2 1000000 94081.6
560 3 1000000 105323.1
560 4 1000000 106906.3
560 5 1000000 109091.9
560 6 1000000 115406.9
560 7 1000000 125205.9
560 8 1000000 155666.7
560 9 1000000 244630.1
560 10 1000000 555020.8
585 0 1000000 294076.6
585 1 1000000 157614.9
585 2 1000000 94877.1
585 3 1000000 105270.1
585 4 1000000 106276.1
585 5 1000000 107344.2
585 6 1000000 115018.8
585 7 1000000 129837.6
585 8 1000000 154844.7
585 9 1000000 236318.4
585 10 1000000 548490.8
610 0 1000000 294000.1
610 1 1000000 157687.8
610 2 1000000 94287.3
610 3 1000000 104425.5
610 4 1000000 106396.1
610 5 1000000 108636.3
610 6 1000000 112355.3
610 7 1000000 124985.9
610 8 1000000 159453.6
610 9 1000000 250863.2
610 10 1000000 545662.6
635 0 1000000 294212.1
635 1 1000000 157474.7
635 2 1000000 94672.1
635 3 1000000 102443.5
635 4 1000000 107640.3
635 5 1000000 108126.7
635 6 1000000 113534.3
635 7 1000000 128813.4
635 8 1000000 155112.7
635 9 1000000 243194.2
635 10 1000000 538246.6
660 0 1000000 294122.0
660 1 1000000 157830.2
660 2 1000000 94536.3
660 3 1000000 105200.6
660 4 1000000 106088.1
660 5 1000000 109327.0
660 6 1000000 112663.6
660 7 1000000 125469.1
660 8 1000000 155156.2
660 9 1000000 236850.1
660 10 1000000 531880.2
685 0 1000000 294251.8
685 1 1000000 157847.1
685 2 1000000 94273.5
685 3 1000000 105979.9
685 4 1000000 107604.6
685 5 1000000 108231.2
685 6 1000000 112524.2
685 7 1000000 124038.9
685 8 1000000 158822.3
685 9 1000000 253175.0
685 10 1000000 535660.0
710 0 1000000 294328.8
710 1 1000000 157898.8
710 2 1000000 94142.0
710 3 1000000 105677.4
710 4 1000000 107768.8
710 5 1000000 107826.8
710 6 1000000 114922.4
710 7 1000000 127391.4
710 8 1000000 158054.5
710 9 1000000 257415.9
710 10 1000000 552665.9
735 0 1000000 294389.6
735 1 1000000 158001.6
735 2 1000000 94388.8
735 3 1000000 103278.7
735 4 1000000 108024.2
735 5 1000000 108914.5
735 6 1000000 111571.1
735 7 1000000 128612.3
735 8 1000000 150909.7
735 9 1000000 259891.5
735 10 1000000 573065.4
760 0 1000000 294150.0
760 1 1000000 157683.4
760 2 1000000 94515.0
760 3 1000000 103232.3
760 4 1000000 108431.2
760 5 1000000 107907.4
760 6 1000000 112873.3
760 7 1000000 127328.1
760 8 1000000 155423.3
760 9 1000000 259253.0
760 10 1000000 567666.7
785 0 1000000 293931.6
785 1 1000000 157674.9
785 2 1000000 95145.0
785 3 1000000 103431.7
785 4 1000000 107058.5
785 5 1000000 107795.0
785 6 1000000 112832.0
785 7 1000000 129066.2
785 8 1000000 154439.5
785 9 1000000 259958.3
785 10 1000000 562990.9
810 0 1000000 293987.0
810 1 1000000 157817.8
810 2 1000000 94306.5
810 3 1000000 105793.5
810 4 1000000 107729.2
810 5 1000000 109157.8
810 6 1000000 114500.4
810 7 1000000 126690.4
810 8 1000000 152248.9
810 9 1000000 260173.1
810 10 1000000 571497.8
835 0 1000000 297497.9
835 1 1000000 157870.7
835 2 1000000 94941.8
835 3 1000000 105850.6
835 4 1000000 103890.4
835 5 1000000 108501.1
835 6 1000000 114838.2
835 7 1000000 128901.9
835 8 1000000 151723.6
835 9 1000000 260435.1
835 10 1000000 555430.0
860 0 1000000 293970.9
860 1 1000000 157783.4
860 2 1000000 95205.3
860 3 1000000 105765.5
860 4 1000000 108714.7
860 5 1000000 107774.8
860 6 1000000 112510.7
860 7 1000000 124350.7
860 8 1000000 155843.3
860 9 1000000 267261.6
860 10 1000000 567051.3
885 0 1000000 297566.6
885 1 1000000 157827.5
885 2 1000000 93996.5
885 3 1000000 107961.4
885 4 1000000 106081.0
885 5 1000000 108566.7
885 6 1000000 112559.5
885 7 1000000 128768.0
885 8 1000000 153167.8
885 9 1000000 272978.3
885 10 1000000 573934.9
910 0 1000000 297727.2
910 1 1000000 157634.1
910 2 1000000 95236.6
910 3 1000000 103950.4
910 4 1000000 107150.5
910 5 1000000 107879.3
910 6 1000000 112424.6
910 7 1000000 128027.7
910 8 1000000 157078.8
910 9 1000000 270150.5
910 10 1000000 563137.6
935 0 1000000 297448.0
935 1 1000000 157670.7
935 2 1000000 93935.2
935 3 1000000 104850.3
935 4 1000000 107279.1
935 5 1000000 108603.3
935 6 1000000 112983.9
935 7 1000000 126466.9
935 8 1000000 151537.5
935 9 1000000 279802.4
935 10 1000000 566377.2
960 0 1000000 293988.1
960 1 1000000 157740.8
960 2 1000000 93490.2
960 3 1000000 104813.3
960 4 1000000 107020.7
960 5 1000000 107746.6
960 6 1000000 112676.1
960 7 1000000 128148.3
960 8 1000000 157227.7
960 9 1000000 266003.9
960 10 1000000 564824.4
985 0 1000000 520392.8
985 1 1000000 270878.8
985 2 1000000 154529.3
985 3 1000000 167177.4
985 4 1000000 167287.4
985 5 1000000 167973.1
985 6 1000000 170872.7
985 7 1000000 188277.1
985 8 1000000 214875.6
985 9 1000000 316907.8
985 10 1000000 617456.9
1010 0 1000000 520518.4
1010 1 1000000 271488.9
1010 2 1000000 154504.2
1010 3 1000000 166610.5
1010 4 1000000 167288.1
1010 5 1000000 166952.7
1010 6 1000000 171785.0
1010 7 1000000 184076.1
1010 8 1000000 214230.9
1010 9 1000000 311951.4
1010 10 1000000 613107.3
1035 0 1000000 520394.9
1035 1 1000000 271068.9
1035 2 1000000 154802.3
1035 3 1000000 163432.6
1035 4 1000000 166731.8
1035 5 1000000 167422.3
1035 6 1000000 172930.2
1035 7 1000000 187564.3
1035 8 1000000 208027.0
1035 9 1000000 304975.6
1035 10 1000000 597982.9
1060 0 1000000 520672.6
1060 1 1000000 271480.0
1060 2 1000000 154637.5
1060 3 1000000 167358.1
1060 4 1000000 166354.8
1060 5 1000000 167196.2
1060 6 1000000 172407.3
1060 7 1000000 184261.7
1060 8 1000000 210490.0
1060 9 1000000 322507.9
1060 10 1000000 599970.9
1085 0 1000000 520239.5
1085 1 1000000 270968.8
1085 2 1000000 153762.1
1085 3 1000000 167515.5
1085 4 1000000 166884.6
1085 5 1000000 168423.3
1085 6 1000000 172297.4
1085 7 1000000 186750.7
1085 8 1000000 208815.7
1085 9 1000000 325976.7
1085 10 1000000 625590.2
1110 0 1000000 520285.9
1110 1 1000000 271176.6
1110 2 1000000 154932.7
1110 3 1000000 168469.3
1110 4 1000000 169040.6
1110 5 1000000 169124.3
1110 6 1000000 172133.1
1110 7 1000000 184577.0
1110 8 1000000 211278.9
1110 9 1000000 346574.1
1110 10 1000000 644688.0
1135 0 1000000 520531.1
1135 1 1000000 271098.4
1135 2 1000000 155229.0
1135 3 1000000 166953.7
1135 4 1000000 167189.2
1135 5 1000000 167677.0
1135 6 1000000 173466.3
1135 7 1000000 186563.6
1135 8 1000000 211595.9
1135 9 1000000 355278.7
1135 10 1000000 642026.2
1160 0 1000000 520679.2
1160 1 1000000 270873.8
1160 2 1000000 153565.3
1160 3 1000000 166323.7
1160 4 1000000 167563.2
1160 5 1000000 167838.8
1160 6 1000000 173284.6
1160 7 1000000 185266.8
1160 8 1000000 211125.5
1160 9 1000000 350451.4
1160 10 1000000 636032.1
1185 0 1000000 527587.0
1185 1 1000000 271080.9
1185 2 1000000 154009.5
1185 3 1000000 164490.3
1185 4 1000000 169349.0
1185 5 1000000 167935.9
1185 6 1000000 172552.7
1185 7 1000000 185534.2
1185 8 1000000 216751.4
1185 9 1000000 350811.4
1185 10 1000000 633783.4
1210 0 1000000 520625.0
1210 1 1000000 270959.8
1210 2 1000000 154904.1
1210 3 1000000 166403.7
1210 4 1000000 167577.0
1210 5 1000000 168329.0
1210 6 1000000 172768.2
1210 7 1000000 184207.8
1210 8 1000000 213376.8
1210 9 1000000 357555.3
1210 10 1000000 635002.4
1235 0 1000000 520261.2
1235 1 1000000 271209.2
1235 2 1000000 154828.1
1235 3 1000000 167945.7
1235 4 1000000 166500.3
1235 5 1000000 166136.4
1235 6 1000000 172959.9
1235 7 1000000 184572.6
1235 8 1000000 209850.0
1235 9 1000000 369318.5
1235 10 1000000 662824.6
1260 0 1000000 520349.7
1260 1 1000000 270823.1
1260 2 1000000 154781.7
1260 3 1000000 166766.1
1260 4 1000000 167940.9
1260 5 1000000 167415.7
1260 6 1000000 172489.1
1260 7 1000000 184518.8
1260 8 1000000 214488.5
1260 9 1000000 368728.0
1260 10 1000000 644265.5
1285 0 1000000 520683.3
1285 1 1000000 270814.2
1285 2 1000000 154445.4
1285 3 1000000 167353.5
1285 4 1000000 169908.8
1285 5 1000000 166044.9
1285 6 1000000 172504.9
1285 7 1000000 182862.4
1285 8 1000000 218782.7
1285 9 1000000 354753.1
1285 10 1000000 644125.9
1310 0 1000000 520414.5
1310 1 1000000 271262.9
1310 2 1000000 153712.9
1310 3 1000000 166432.6
1310 4 1000000 168654.1
1310 5 1000000 171207.3
1310 6 1000000 174678.7
1310 7 1000000 181420.5
1310 8 1000000 215452.3
1310 9 1000000 365716.7
1310 10 1000000 646626.1
1335 0 1000000 520415.4
1335 1 1000000 271078.4
1335 2 1000000 155628.8
1335 3 1000000 166853.4
1335 4 1000000 168564.4
1335 5 1000000 165763.0
1335 6 1000000 171444.1
1335 7 1000000 186043.2
1335 8 1000000 221213.5
1335 9 1000000 381170.7
1335 10 1000000 669894.7
1360 0 1000000 520485.6
1360 1 1000000 270790.3
1360 2 1000000 154130.3
1360 3 1000000 166689.8
1360 4 1000000 167898.3
1360 5 1000000 168981.2
1360 6 1000000 175208.9
1360 7 1000000 186780.2
1360 8 1000000 217570.8
1360 9 1000000 384682.6
1360 10 1000000 675400.1
1385 0 1000000 520543.7
1385 1 1000000 271006.9
1385 2 1000000 154106.9
1385 3 1000000 167599.8
1385 4 1000000 169404.8
1385 5 1000000 167184.6
1385 6 1000000 171493.5
1385 7 1000000 186164.4
1385 8 1000000 221141.2
1385 9 1000000 375774.1
1385 10 1000000 663046.7
1410 0 1000000 520405.5
1410 1 1000000 271054.6
1410 2 1000000 153795.6
1410 3 1000000 168621.3
1410 4 1000000 166056.7
1410 5 1000000 166928.1
1410 6 1000000 171370.7
1410 7 1000000 185947.7
1410 8 1000000 222549.5
1410 9 1000000 378516.9
1410 10 1000000 667157.0
1435 0 1000000 520428.2
1435 1 1000000 270989.3
1435 2 1000000 155163.0
1435 3 1000000 167990.8
1435 4 1000000 166193.2
1435 5 1000000 167368.4
1435 6 1000000 173322.9
1435 7 1000000 184530.1
1435 8 1000000 223496.3
1435 9 1000000 376179.1
1435 10 1000000 662213.3
1460 0 1000000 527262.2
1460 1 1000000 270928.6
1460 2 1000000 154119.1
1460 3 1000000 167298.5
1460 4 1000000 166232.7
1460 5 1000000 166750.5
1460 6 1000000 172620.6
1460 7 1000000 185478.8
1460 8 1000000 240787.2
1460 9 1000000 397515.0
1460 10 1000000 666489.9
1485 0 1000000 520600.7
1485 1 1000000 270870.9
1485 2 1000000 154046.1
1485 3 1000000 165178.9
1485 4 1000000 168683.2
1485 5 1000000 168640.7
1485 6 1000000 171444.6
1485 7 1000000 185677.2
1485 8 1000000 226388.8
1485 9 1000000 402110.4
1485 10 1000000 652943.9
1510 0 1000000 520574.2
1510 1 1000000 271331.4
1510 2 1000000 153667.2
1510 3 1000000 165787.0
1510 4 1000000 166123.4
1510 5 1000000 167807.5
1510 6 1000000 173600.9
1510 7 1000000 184619.3
1510 8 1000000 229261.2
1510 9 1000000 395974.9
1510 10 1000000 678915.3
1535 0 1000000 520402.1
1535 1 1000000 271019.0
1535 2 1000000 154534.4
1535 3 1000000 165939.7
1535 4 1000000 165347.6
1535 5 1000000 169029.7
1535 6 1000000 173119.2
1535 7 1000000 183047.4
1535 8 1000000 235326.9
1535 9 1000000 397236.9
1535 10 1000000 688953.1
1560 0 1000000 520373.0
1560 1 1000000 270666.3
1560 2 1000000 154365.9
1560 3 1000000 166654.8
1560 4 1000000 165037.1
1560 5 1000000 168785.5
1560 6 1000000 174876.1
1560 7 1000000 185226.6
1560 8 1000000 239606.6
1560 9 1000000 400476.6
1560 10 1000000 688965.8
1585 0 1000000 520681.7
1585 1 1000000 271173.0
1585 2 1000000 154926.5
1585 3 1000000 164073.2
1585 4 1000000 166955.7
1585 5 1000000 167497.4
1585 6 1000000 172875.8
1585 7 1000000 186479.5
1585 8 1000000 238067.6
1585 9 1000000 404548.1
1585 10 1000000 661239.8
1610 0 1000000 527670.0
1610 1 1000000 271275.8
1610 2 1000000 154432.8
1610 3 1000000 168250.0
1610 4 1000000 168412.3
1610 5 1000000 166825.0
1610 6 1000000 171852.0
1610 7 1000000 184111.3
1610 8 1000000 240727.1
1610 9 1000000 402766.3
1610 10 1000000 679866.4
1635 0 1000000 527297.1
1635 1 1000000 270731.1
1635 2 1000000 154995.5
1635 3 1000000 169117.2
1635 4 1000000 166195.6
1635 5 1000000 168109.6
1635 6 1000000 173534.1
1635 7 1000000 183999.5
1635 8 1000000 244171.6
1635 9 1000000 409634.9
1635 10 1000000 680505.3
1660 0 1000000 520267.2
1660 1 1000000 270959.7
1660 2 1000000 154325.7
1660 3 1000000 167094.1
1660 4 1000000 167623.1
1660 5 1000000 167561.7
1660 6 1000000 171461.8
1660 7 1000000 183492.2
1660 8 1000000 241789.4
1660 9 1000000 409060.2
1660 10 1000000 688307.3
1685 0 1000000 520465.0
1685 1 1000000 270766.8
1685 2 1000000 155018.0
1685 3 1000000 166126.2
1685 4 1000000 166030.4
1685 5 1000000 166918.6
1685 6 1000000 173278.3
1685 7 1000000 184626.5
1685 8 1000000 242922.4
1685 9 1000000 404581.1
1685 10 1000000 687946.1
1710 0 1000000 520391.6
1710 1 1000000 270864.2
1710 2 1000000 154409.8
1710 3 1000000 167780.7
1710 4 1000000 168089.7
1710 5 1000000 166989.6
1710 6 1000000 172391.6
1710 7 1000000 185116.9
1710 8 1000000 243030.9
1710 9 1000000 403006.8
1710 10 1000000 709106.9
1735 0 1000000 520519.2
1735 1 1000000 271506.4
1735 2 1000000 154610.3
1735 3 1000000 168569.1
1735 4 1000000 170050.0
1735 5 1000000 168123.7
1735 6 1000000 173907.2
1735 7 1000000 186036.4
1735 8 1000000 252302.6
1735 9 1000000 413922.9
1735 10 1000000 674401.1
1760 0 1000000 520235.1
1760 1 1000000 270821.6
1760 2 1000000 154889.6
1760 3 1000000 165238.7
1760 4 1000000 166074.9
1760 5 1000000 165670.9
1760 6 1000000 172753.0
1760 7 1000000 186784.9
1760 8 1000000 246426.3
1760 9 1000000 407636.9
1760 10 1000000 686620.1
1785 0 1000000 520303.9
1785 1 1000000 271098.2
1785 2 1000000 154798.0
1785 3 1000000 167056.0
1785 4 1000000 168054.3
1785 5 1000000 166720.3
1785 6 1000000 173078.6
1785 7 1000000 187632.1
1785 8 1000000 252438.1
1785 9 1000000 413286.7
1785 10 1000000 702733.1
1810 0 1000000 520165.1
1810 1 1000000 270938.8
1810 2 1000000 154163.0
1810 3 1000000 167549.3
1810 4 1000000 165870.4
1810 5 1000000 168112.7
1810 6 1000000 171039.0
1810 7 1000000 185900.0
1810 8 1000000 248560.9
1810 9 1000000 410686.0
1810 10 1000000 691400.9
1835 0 1000000 520487.0
1835 1 1000000 271102.8
1835 2 1000000 154556.6
1835 3 1000000 167973.2
1835 4 1000000 168788.7
1835 5 1000000 167481.3
1835 6 1000000 172903.8
1835 7 1000000 187313.0
1835 8 1000000 249886.4
1835 9 1000000 408296.5
1835 10 1000000 715038.1
1860 0 1000000 520733.8
1860 1 1000000 270831.4
1860 2 1000000 154848.2
1860 3 1000000 165252.9
1860 4 1000000 168016.4
1860 5 1000000 165920.0
1860 6 1000000 173470.6
1860 7 1000000 186783.7
1860 8 1000000 256515.8
1860 9 1000000 409234.9
1860 10 1000000 690639.4
1885 0 1000000 527599.7
1885 1 1000000 270756.1
1885 2 1000000 154199.9
1885 3 1000000 168776.1
1885 4 1000000 167903.6
1885 5 1000000 166207.6
1885 6 1000000 172896.0
1885 7 1000000 184465.0
1885 8 1000000 232408.1
1885 9 1000000 403984.0
1885 10 1000000 676124.1
1910 0 1000000 521587.1
1910 1 1000000 271135.1
1910 2 1000000 154118.9
1910 3 1000000 167485.4
1910 4 1000000 173374.2
1910 5 1000000 166820.6
1910 6 1000000 173586.5
1910 7 1000000 184290.1
1910 8 1000000 235759.0
1910 9 1000000 401532.0
1910 10 1000000 675742.5
1935 0 1000000 520553.8
1935 1 1000000 271286.4
1935 2 1000000 154446.7
1935 3 1000000 170103.2
1935 4 1000000 165460.9
1935 5 1000000 166262.2
1935 6 1000000 173191.8
1935 7 1000000 184219.3
1935 8 1000000 234956.7
1935 9 1000000 393120.3
1935 10 1000000 669237.2
1960 0 1000000 978332.8
1960 1 1000000 500342.7
1960 2 1000000 275482.6
1960 3 1000000 289281.3
1960 4 1000000 288722.9
1960 5 1000000 289112.2
1960 6 1000000 292844.2
1960 7 1000000 303596.4
1960 8 1000000 353363.2
1960 9 1000000 490580.5
1960 10 1000000 501934.1
1985 0 1000000 978283.1
1985 1 1000000 500511.6
1985 2 1000000 277531.1
1985 3 1000000 292670.6
1985 4 1000000 286808.5
1985 5 1000000 288224.8
1985 6 1000000 293743.8
1985 7 1000000 306356.8
1985 8 1000000 354734.9
1985 9 1000000 494853.7
1985 10 1000000 501183.8
2010 0 1000000 978302.2
2010 1 1000000 500878.4
2010 2 1000000 276120.5
2010 3 1000000 289037.2
2010 4 1000000 288019.1
2010 5 1000000 286639.3
2010 6 1000000 293055.4
2010 7 1000000 308310.7
2010 8 1000000 353047.5
2010 9 1000000 504651.9
2010 10 1000000 499747.5
