split_threshold max_recursion_depth n time
10 0 1000 3499.5
10 1 1000 3894.9
10 2 1000 4341.6
10 3 1000 6036.6
10 4 1000 9338.2
10 5 1000 19061.4
10 6 1000 47118.3
10 7 1000 85074.4
10 8 1000 84171.9
10 9 1000 86484.0
10 10 1000 91828.9
35 0 1000 4342.8
35 1 1000 3459.2
35 2 1000 4600.8
35 3 1000 6857.2
35 4 1000 12998.3
35 5 1000 22784.6
35 6 1000 22381.6
35 7 1000 22621.7
35 8 1000 23730.8
35 9 1000 30155.7
35 10 1000 25718.7
60 0 1000 3384.8
60 1 1000 5726.4
60 2 1000 4534.5
60 3 1000 6101.2
60 4 1000 13218.8
60 5 1000 23104.0
60 6 1000 23272.5
60 7 1000 22029.8
60 8 1000 24074.3
60 9 1000 22913.4
60 10 1000 23222.2
85 0 1000 3275.0
85 1 1000 3399.6
85 2 1000 3846.1
85 3 1000 6552.5
85 4 1000 10823.7
85 5 1000 12422.7
85 6 1000 12503.0
85 7 1000 12854.4
85 8 1000 11701.1
85 9 1000 11718.8
85 10 1000 11026.5
110 0 1000 3098.2
110 1 1000 3311.9
110 2 1000 4134.5
110 3 1000 5823.6
110 4 1000 12292.4
110 5 1000 11789.4
110 6 1000 12339.2
110 7 1000 10536.5
110 8 1000 11134.9
110 9 1000 17678.2
110 10 1000 11299.9
135 0 1000 3097.1
135 1 1000 3225.9
135 2 1000 3936.4
135 3 1000 7769.7
135 4 1000 6824.7
135 5 1000 6045.2
135 6 1000 8524.0
135 7 1000 6220.2
135 8 1000 6603.8
135 9 1000 5821.6
135 10 1000 5884.3
160 0 1000 3926.8
160 1 1000 3254.5
160 2 1000 3649.4
160 3 1000 6140.3
160 4 1000 6350.4
160 5 1000 6711.7
160 6 1000 6405.2
160 7 1000 6603.2
160 8 1000 6137.3
160 9 1000 6212.4
160 10 1000 7094.9
185 0 1000 3327.1
185 1 1000 3415.0
185 2 1000 4452.8
185 3 1000 7187.1
185 4 1000 6949.5
185 5 1000 6268.8
185 6 1000 6699.4
185 7 1000 6644.7
185 8 1000 6633.1
185 9 1000 7416.3
185 10 1000 6571.4
210 0 1000 3237.3
210 1 1000 3414.4
210 2 1000 3532.0
210 3 1000 8422.3
210 4 1000 6096.5
210 5 1000 6461.1
210 6 1000 5931.7
210 7 1000 6535.9
210 8 1000 6966.2
210 9 1000 7883.1
210 10 1000 6909.2
235 0 1000 3237.1
235 1 1000 3444.5
235 2 1000 4676.9
235 3 1000 6347.0
235 4 1000 6956.7
235 5 1000 6607.3
235 6 1000 6073.3
235 7 1000 8698.6
235 8 1000 6621.5
235 9 1000 9196.1
235 10 1000 6892.7
260 0 1000 4269.5
260 1 1000 3550.1
260 2 1000 4281.7
260 3 1000 4285.7
260 4 1000 4135.9
260 5 1000 4309.5
260 6 1000 3741.5
260 7 1000 3358.7
260 8 1000 3387.2
260 9 1000 3418.1
260 10 1000 3398.8
285 0 1000 4365.2
285 1 1000 3259.0
285 2 1000 3449.6
285 3 1000 3386.9
285 4 1000 3407.2
285 5 1000 3451.3
285 6 1000 5575.7
285 7 1000 3629.3
285 8 1000 3708.6
285 9 1000 3586.2
285 10 1000 3783.6
310 0 1000 3364.2
310 1 1000 3368.9
310 2 1000 3772.1
310 3 1000 3697.9
310 4 1000 3448.8
310 5 1000 3947.9
310 6 1000 3625.6
310 7 1000 3995.2
310 8 1000 3832.0
310 9 1000 3678.2
310 10 1000 3559.5
335 0 1000 3760.6
335 1 1000 3265.4
335 2 1000 6516.7
335 3 1000 3793.5
335 4 1000 3624.6
335 5 1000 4305.7
335 6 1000 4342.3
335 7 1000 3846.2
335 8 1000 3980.5
335 9 1000 5374.5
335 10 1000 7593.1
360 0 1000 3430.5
360 1 1000 3375.0
360 2 1000 4067.6
360 3 1000 4096.6
360 4 1000 4101.1
360 5 1000 3951.6
360 6 1000 4101.0
360 7 1000 3999.8
360 8 1000 4261.0
360 9 1000 4198.1
360 10 1000 4069.6
385 0 1000 3303.6
385 1 1000 3418.6
385 2 1000 4303.3
385 3 1000 4041.7
385 4 1000 3873.9
385 5 1000 4405.4
385 6 1000 4247.6
385 7 1000 3978.4
385 8 1000 3587.5
385 9 1000 12442.3
385 10 1000 3802.2
410 0 1000 3341.2
410 1 1000 3394.2
410 2 1000 3875.2
410 3 1000 4154.1
410 4 1000 4073.2
410 5 1000 4117.8
410 6 1000 4249.1
410 7 1000 13274.0
410 8 1000 3873.8
410 9 1000 4054.5
410 10 1000 4109.8
435 0 1000 3298.9
435 1 1000 3456.0
435 2 1000 3992.2
435 3 1000 4370.1
435 4 1000 3915.6
435 5 1000 4500.1
435 6 1000 4395.9
435 7 1000 4332.1
435 8 1000 4047.2
435 9 1000 4561.7
435 10 1000 4183.9
460 0 1000 3354.7
460 1 1000 3568.8
460 2 1000 4706.3
460 3 1000 3558.5
460 4 1000 3669.9
460 5 1000 4039.0
460 6 1000 4041.6
460 7 1000 3654.1
460 8 1000 3601.3
460 9 1000 3521.7
460 10 1000 3581.6
485 0 1000 3638.1
485 1 1000 3435.1
485 2 1000 3580.4
485 3 1000 4271.1
485 4 1000 3984.9
485 5 1000 4349.6
485 6 1000 4109.2
485 7 1000 4109.4
485 8 1000 4136.0
485 9 1000 3890.9
485 10 1000 4513.9
510 0 1000 3530.2
510 1 1000 3654.9
510 2 1000 3545.0
510 3 1000 3552.4
510 4 1000 3743.1
510 5 1000 3594.0
510 6 1000 3978.9
510 7 1000 7089.2
510 8 1000 3508.4
510 9 1000 16731.4
510 10 1000 4492.2
535 0 1000 3528.9
535 1 1000 6868.1
535 2 1000 4667.0
535 3 1000 3975.5
535 4 1000 3560.2
535 5 1000 3452.4
535 6 1000 3572.0
535 7 1000 3446.2
535 8 1000 3533.3
535 9 1000 3519.5
535 10 1000 3488.0
560 0 1000 4442.0
560 1 1000 3838.7
560 2 1000 3789.6
560 3 1000 3530.9
560 4 1000 3474.1
560 5 1000 3569.2
560 6 1000 3923.0
560 7 1000 3475.8
560 8 1000 3435.1
560 9 1000 3603.0
560 10 1000 5394.9
585 0 1000 3473.6
585 1 1000 3428.2
585 2 1000 3427.9
585 3 1000 3447.0
585 4 1000 3498.9
585 5 1000 3580.4
585 6 1000 3925.9
585 7 1000 3496.6
585 8 1000 3734.0
585 9 1000 3504.8
585 10 1000 3635.4
610 0 1000 3462.2
610 1 1000 3707.1
610 2 1000 3571.2
610 3 1000 3792.0
610 4 1000 3499.6
610 5 1000 3445.8
610 6 1000 3456.5
610 7 1000 3549.4
610 8 1000 3441.9
610 9 1000 3472.6
610 10 1000 3559.2
635 0 1000 3436.3
635 1 1000 3866.0
635 2 1000 3448.4
635 3 1000 3472.2
635 4 1000 3486.5
635 5 1000 3491.3
635 6 1000 3489.6
635 7 1000 3472.0
635 8 1000 3812.6
635 9 1000 3457.3
635 10 1000 3432.2
660 0 1000 7435.9
660 1 1000 3579.9
660 2 1000 3532.5
660 3 1000 7229.3
660 4 1000 3844.3
660 5 1000 3506.0
660 6 1000 3571.9
660 7 1000 3948.7
660 8 1000 4968.5
660 9 1000 3971.3
660 10 1000 3634.7
685 0 1000 3598.7
685 1 1000 3614.4
685 2 1000 3604.6
685 3 1000 3598.7
685 4 1000 3626.8
685 5 1000 3560.3
685 6 1000 3600.5
685 7 1000 3600.2
685 8 1000 3542.1
685 9 1000 3637.1
685 10 1000 3447.2
710 0 1000 3359.7
710 1 1000 3519.4
710 2 1000 3393.6
710 3 1000 3454.9
710 4 1000 3452.9
710 5 1000 3487.5
710 6 1000 3446.8
710 7 1000 4019.6
710 8 1000 3497.8
710 9 1000 3562.2
710 10 1000 3475.2
735 0 1000 3466.3
735 1 1000 3452.0
735 2 1000 3513.5
735 3 1000 3766.3
735 4 1000 3505.3
735 5 1000 3585.3
735 6 1000 3465.7
735 7 1000 3508.0
735 8 1000 3434.5
735 9 1000 4519.7
735 10 1000 4608.6
760 0 1000 3640.5
760 1 1000 3430.4
760 2 1000 3479.4
760 3 1000 3628.2
760 4 1000 4535.6
760 5 1000 3473.0
760 6 1000 4407.5
760 7 1000 3474.2
760 8 1000 3525.6
760 9 1000 3563.3
760 10 1000 4098.5
785 0 1000 3476.6
785 1 1000 3442.4
785 2 1000 3553.3
785 3 1000 3599.4
785 4 1000 3526.5
785 5 1000 3572.7
785 6 1000 3537.0
785 7 1000 3526.8
785 8 1000 3499.3
785 9 1000 3516.2
785 10 1000 6455.4
810 0 1000 4423.4
810 1 1000 3477.3
810 2 1000 3527.5
810 3 1000 4027.7
810 4 1000 3554.3
810 5 1000 3506.6
810 6 1000 3515.4
810 7 1000 3520.6
810 8 1000 3519.8
810 9 1000 3526.7
810 10 1000 3494.6
835 0 1000 3447.8
835 1 1000 3408.6
835 2 1000 3495.0
835 3 1000 3447.5
835 4 1000 3488.4
835 5 1000 3524.9
835 6 1000 8133.5
835 7 1000 3481.0
835 8 1000 3453.3
835 9 1000 4369.2
835 10 1000 4431.8
860 0 1000 3439.3
860 1 1000 3387.4
860 2 1000 3556.9
860 3 1000 4494.1
860 4 1000 3481.2
860 5 1000 3564.3
860 6 1000 3511.4
860 7 1000 3410.0
860 8 1000 3440.8
860 9 1000 3592.0
860 10 1000 3468.2
885 0 1000 3522.5
885 1 1000 3537.2
885 2 1000 3478.9
885 3 1000 3508.2
885 4 1000 3466.6
885 5 1000 3429.8
885 6 1000 3443.2
885 7 1000 3414.0
885 8 1000 3705.7
885 9 1000 6174.1
885 10 1000 3415.4
910 0 1000 7727.5
910 1 1000 3433.4
910 2 1000 11944.1
910 3 1000 3438.9
910 4 1000 9910.7
910 5 1000 3480.4
910 6 1000 3553.1
910 7 1000 3456.1
910 8 1000 3451.3
910 9 1000 3583.4
910 10 1000 3407.1
935 0 1000 6572.3
935 1 1000 3465.7
935 2 1000 3411.3
935 3 1000 3598.1
935 4 1000 4561.1
935 5 1000 3554.2
935 6 1000 3733.2
935 7 1000 3502.3
935 8 1000 3487.4
935 9 1000 3525.1
935 10 1000 3475.7
960 0 1000 3441.4
960 1 1000 3453.7
960 2 1000 3475.0
960 3 1000 3589.0
960 4 1000 3668.5
960 5 1000 3541.5
960 6 1000 3634.2
960 7 1000 3462.1
960 8 1000 3751.5
960 9 1000 3882.5
960 10 1000 5948.4
985 0 1000 3438.7
985 1 1000 3453.0
985 2 1000 3501.5
985 3 1000 3485.5
985 4 1000 3481.0
985 5 1000 3420.5
985 6 1000 3438.0
985 7 1000 3502.7
985 8 1000 3483.7
985 9 1000 3577.2
985 10 1000 3528.9
1010 0 1000 3865.0
1010 1 1000 3824.7
1010 2 1000 3902.2
1010 3 1000 3873.6
1010 4 1000 3842.9
1010 5 1000 3909.3
1010 6 1000 3811.1
1010 7 1000 3776.8
1010 8 1000 3790.5
1010 9 1000 3767.5
1010 10 1000 9100.2
1035 0 1000 4675.6
1035 1 1000 3788.5
1035 2 1000 3806.7
1035 3 1000 4671.3
1035 4 1000 8344.6
1035 5 1000 3877.5
1035 6 1000 3768.6
1035 7 1000 6276.5
1035 8 1000 3797.4
1035 9 1000 3840.5
1035 10 1000 3843.6
1060 0 1000 3871.5
1060 1 1000 4551.7
1060 2 1000 3754.6
1060 3 1000 6271.5
1060 4 1000 4726.0
1060 5 1000 10054.6
1060 6 1000 3831.8
1060 7 1000 5983.2
1060 8 1000 3787.2
1060 9 1000 3895.3
1060 10 1000 3791.8
1085 0 1000 3983.3
1085 1 1000 3783.6
1085 2 1000 3761.3
1085 3 1000 3782.8
1085 4 1000 3776.7
1085 5 1000 4677.0
1085 6 1000 3787.1
1085 7 1000 8469.6
1085 8 1000 3769.3
1085 9 1000 4688.6
1085 10 1000 5499.5
1110 0 1000 4527.7
1110 1 1000 4685.8
1110 2 1000 3812.8
1110 3 1000 3878.4
1110 4 1000 4785.8
1110 5 1000 6766.3
1110 6 1000 4564.3
1110 7 1000 8153.7
1110 8 1000 4018.3
1110 9 1000 3773.1
1110 10 1000 3948.6
1135 0 1000 3861.0
1135 1 1000 3900.4
1135 2 1000 3880.0
1135 3 1000 3791.0
1135 4 1000 3829.5
1135 5 1000 3767.1
1135 6 1000 3850.3
1135 7 1000 3821.8
1135 8 1000 3851.4
1135 9 1000 3979.2
1135 10 1000 3815.3
1160 0 1000 3752.0
1160 1 1000 3821.5
1160 2 1000 3873.5
1160 3 1000 3963.2
1160 4 1000 4637.1
1160 5 1000 4599.5
1160 6 1000 3868.3
1160 7 1000 4622.3
1160 8 1000 3782.9
1160 9 1000 3870.0
1160 10 1000 3869.7
1185 0 1000 3825.9
1185 1 1000 10329.4
1185 2 1000 3835.1
1185 3 1000 3964.7
1185 4 1000 3789.4
1185 5 1000 3776.5
1185 6 1000 4008.1
1185 7 1000 3802.3
1185 8 1000 3993.2
1185 9 1000 4699.0
1185 10 1000 3752.5
1210 0 1000 4548.6
1210 1 1000 10350.1
1210 2 1000 3822.7
1210 3 1000 3820.3
1210 4 1000 4101.3
1210 5 1000 3760.2
1210 6 1000 3994.5
1210 7 1000 3781.9
1210 8 1000 3793.6
1210 9 1000 6848.7
1210 10 1000 4022.0
1235 0 1000 3879.6
1235 1 1000 3998.3
1235 2 1000 4671.0
1235 3 1000 3799.4
1235 4 1000 3831.1
1235 5 1000 3932.2
1235 6 1000 3796.6
1235 7 1000 3980.8
1235 8 1000 3903.5
1235 9 1000 8991.2
1235 10 1000 3784.1
1260 0 1000 3780.7
1260 1 1000 3947.2
1260 2 1000 4850.9
1260 3 1000 3849.3
1260 4 1000 3825.0
1260 5 1000 3841.5
1260 6 1000 4903.9
1260 7 1000 3863.6
1260 8 1000 3894.0
1260 9 1000 3894.5
1260 10 1000 3941.6
1285 0 1000 4716.3
1285 1 1000 3876.1
1285 2 1000 3890.9
1285 3 1000 3957.4
1285 4 1000 3910.5
1285 5 1000 3918.1
1285 6 1000 3944.9
1285 7 1000 3789.7
1285 8 1000 4474.1
1285 9 1000 7424.7
1285 10 1000 4556.4
1310 0 1000 3751.9
1310 1 1000 3942.0
1310 2 1000 3783.9
1310 3 1000 3794.3
1310 4 1000 3781.7
1310 5 1000 3708.2
1310 6 1000 7666.2
1310 7 1000 3788.8
1310 8 1000 4586.4
1310 9 1000 3785.6
1310 10 1000 3790.0
1335 0 1000 4028.0
1335 1 1000 3788.4
1335 2 1000 3758.4
1335 3 1000 3782.8
1335 4 1000 3984.6
1335 5 1000 3795.1
1335 6 1000 3801.8
1335 7 1000 3848.4
1335 8 1000 3839.3
1335 9 1000 3859.8
1335 10 1000 3840.7
1360 0 1000 3868.3
1360 1 1000 3844.2
1360 2 1000 3897.0
1360 3 1000 3792.6
1360 4 1000 3843.0
1360 5 1000 3866.3
1360 6 1000 3960.7
1360 7 1000 3750.7
1360 8 1000 3759.1
1360 9 1000 4031.1
1360 10 1000 3744.3
1385 0 1000 3778.2
1385 1 1000 3824.0
1385 2 1000 3832.7
1385 3 1000 3837.5
1385 4 1000 4716.0
1385 5 1000 8310.4
1385 6 1000 3856.2
1385 7 1000 3793.1
1385 8 1000 3811.6
1385 9 1000 4609.1
1385 10 1000 3779.7
1410 0 1000 3782.7
1410 1 1000 4708.5
1410 2 1000 3801.5
1410 3 1000 3804.6
1410 4 1000 4145.3
1410 5 1000 3828.9
1410 6 1000 4578.0
1410 7 1000 4022.8
1410 8 1000 4924.6
1410 9 1000 3886.1
1410 10 1000 4734.8
1435 0 1000 3791.2
1435 1 1000 3716.9
1435 2 1000 3963.8
1435 3 1000 4194.8
1435 4 1000 3718.9
1435 5 1000 3961.6
1435 6 1000 3855.4
1435 7 1000 4233.9
1435 8 1000 3766.2
1435 9 1000 3703.6
1435 10 1000 3799.4
1460 0 1000 3773.5
1460 1 1000 3735.3
1460 2 1000 3866.5
1460 3 1000 4050.3
1460 4 1000 4381.0
1460 5 1000 3807.2
1460 6 1000 3850.4
1460 7 1000 4707.4
1460 8 1000 4508.1
1460 9 1000 3831.9
1460 10 1000 3804.1
1485 0 1000 3764.5
1485 1 1000 6904.2
1485 2 1000 3769.3
1485 3 1000 6436.5
1485 4 1000 3862.1
1485 5 1000 8920.8
1485 6 1000 3959.3
1485 7 1000 3917.1
1485 8 1000 3971.3
1485 9 1000 3813.7
1485 10 1000 3873.1
1510 0 1000 3888.3
1510 1 1000 4146.1
1510 2 1000 3963.8
1510 3 1000 3870.9
1510 4 1000 4123.1
1510 5 1000 4773.8
1510 6 1000 4021.5
1510 7 1000 4016.2
1510 8 1000 3821.1
1510 9 1000 3825.4
1510 10 1000 3855.9
1535 0 1000 3805.7
1535 1 1000 3870.5
1535 2 1000 3902.5
1535 3 1000 4056.3
1535 4 1000 4667.9
1535 5 1000 6182.9
1535 6 1000 3818.1
1535 7 1000 3767.3
1535 8 1000 4031.5
1535 9 1000 3935.7
1535 10 1000 3921.8
1560 0 1000 3789.6
1560 1 1000 3939.1
1560 2 1000 3765.3
1560 3 1000 3778.2
1560 4 1000 8108.9
1560 5 1000 13643.5
1560 6 1000 8198.0
1560 7 1000 4766.3
1560 8 1000 4267.4
1560 9 1000 3737.0
1560 10 1000 3839.1
1585 0 1000 4518.7
1585 1 1000 4688.6
1585 2 1000 5466.4
1585 3 1000 3721.9
1585 4 1000 3868.5
1585 5 1000 3802.0
1585 6 1000 8322.7
1585 7 1000 3899.2
1585 8 1000 4582.3
1585 9 1000 22759.1
1585 10 1000 4121.5
1610 0 1000 5748.5
1610 1 1000 3865.8
1610 2 1000 6677.6
1610 3 1000 4802.9
1610 4 1000 9904.0
1610 5 1000 3857.8
1610 6 1000 4110.1
1610 7 1000 3875.3
1610 8 1000 3798.0
1610 9 1000 4764.6
1610 10 1000 3750.4
1635 0 1000 3812.2
1635 1 1000 7747.3
1635 2 1000 3774.8
1635 3 1000 3864.7
1635 4 1000 6596.1
1635 5 1000 3726.6
1635 6 1000 3792.4
1635 7 1000 3684.9
1635 8 1000 3962.4
1635 9 1000 3773.0
1635 10 1000 4155.9
1660 0 1000 3885.2
1660 1 1000 4626.9
1660 2 1000 3837.4
1660 3 1000 3899.9
1660 4 1000 3894.8
1660 5 1000 3845.8
1660 6 1000 4607.3
1660 7 1000 4029.7
1660 8 1000 4701.0
1660 9 1000 3875.4
1660 10 1000 3826.7
1685 0 1000 3812.2
1685 1 1000 8455.4
1685 2 1000 4705.0
1685 3 1000 3811.9
1685 4 1000 4694.7
1685 5 1000 4540.0
1685 6 1000 4129.6
1685 7 1000 8325.1
1685 8 1000 3918.8
1685 9 1000 3840.3
1685 10 1000 3842.5
1710 0 1000 3847.2
1710 1 1000 4137.4
1710 2 1000 7029.3
1710 3 1000 4894.9
1710 4 1000 6392.0
1710 5 1000 25035.5
1710 6 1000 3865.2
1710 7 1000 3839.2
1710 8 1000 4364.8
1710 9 1000 4206.4
1710 10 1000 31877.4
1735 0 1000 3838.0
1735 1 1000 31522.7
1735 2 1000 4303.6
1735 3 1000 3829.3
1735 4 1000 3898.4
1735 5 1000 4089.7
1735 6 1000 8680.0
1735 7 1000 4397.1
1735 8 1000 3875.2
1735 9 1000 4606.4
1735 10 1000 10934.7
1760 0 1000 11452.7
1760 1 1000 3792.8
1760 2 1000 3790.0
1760 3 1000 3890.3
1760 4 1000 4022.8
1760 5 1000 3821.7
1760 6 1000 3757.9
1760 7 1000 4693.4
1760 8 1000 4848.0
1760 9 1000 3759.4
1760 10 1000 4490.7
1785 0 1000 3726.0
1785 1 1000 3866.3
1785 2 1000 3873.8
1785 3 1000 3915.2
1785 4 1000 3912.3
1785 5 1000 3819.3
1785 6 1000 3814.7
1785 7 1000 3793.3
1785 8 1000 3806.5
1785 9 1000 8844.0
1785 10 1000 3792.7
1810 0 1000 3863.4
1810 1 1000 3972.1
1810 2 1000 3808.4
1810 3 1000 8548.5
1810 4 1000 4105.6
1810 5 1000 91974.6
1810 6 1000 4006.1
1810 7 1000 4298.1
1810 8 1000 3921.9
1810 9 1000 3790.2
1810 10 1000 4557.9
1835 0 1000 3780.8
1835 1 1000 4327.2
1835 2 1000 3968.6
1835 3 1000 3801.5
1835 4 1000 3962.4
1835 5 1000 3897.1
1835 6 1000 3923.3
1835 7 1000 5538.0
1835 8 1000 3752.5
1835 9 1000 4629.6
1835 10 1000 4688.3
1860 0 1000 4636.6
1860 1 1000 4297.5
1860 2 1000 3742.2
1860 3 1000 3901.5
1860 4 1000 7591.2
1860 5 1000 3756.4
1860 6 1000 6185.1
1860 7 1000 3839.1
1860 8 1000 3799.1
1860 9 1000 5963.7
1860 10 1000 3791.5
1885 0 1000 4084.2
1885 1 1000 5027.3
1885 2 1000 3848.9
1885 3 1000 13302.2
1885 4 1000 5899.0
1885 5 1000 3946.5
1885 6 1000 3889.1
1885 7 1000 4306.4
1885 8 1000 4019.7
1885 9 1000 3776.8
1885 10 1000 3888.0
1910 0 1000 3711.8
1910 1 1000 3751.3
1910 2 1000 4111.8
1910 3 1000 6559.0
1910 4 1000 3809.9
1910 5 1000 4577.3
1910 6 1000 16657.0
1910 7 1000 3768.3
1910 8 1000 3755.6
1910 9 1000 3817.0
1910 10 1000 3810.9
1935 0 1000 3892.6
1935 1 1000 4417.9
1935 2 1000 4488.4
1935 3 1000 4287.0
1935 4 1000 3830.6
1935 5 1000 6266.6
1935 6 1000 3782.5
1935 7 1000 4009.8
1935 8 1000 4415.4
1935 9 1000 3700.9
1935 10 1000 3738.4
1960 0 1000 5027.7
1960 1 1000 3868.2
1960 2 1000 4290.0
1960 3 1000 3907.8
1960 4 1000 4529.1
1960 5 1000 8283.8
1960 6 1000 3765.3
1960 7 1000 3857.1
1960 8 1000 3956.9
1960 9 1000 3796.1
1960 10 1000 4780.7
1985 0 1000 5894.7
1985 1 1000 3761.0
1985 2 1000 3785.2
1985 3 1000 3744.6
1985 4 1000 3907.3
1985 5 1000 3833.4
1985 6 1000 3779.1
1985 7 1000 3835.3
1985 8 1000 4387.2
1985 9 1000 4936.2
1985 10 1000 4773.4
2010 0 1000 4239.3
2010 1 1000 4384.3
2010 2 1000 3778.9
2010 3 1000 3725.1
2010 4 1000 4129.2
2010 5 1000 4182.9
2010 6 1000 12040.3
2010 7 1000 3877.6
2010 8 1000 5468.2
2010 9 1000 3882.9
2010 10 1000 3750.8
