split_threshold max_recursion_depth n time
10 0 1000 3370.4
10 1 1000 3914.9
10 2 1000 4148.0
10 3 1000 7566.0
10 4 1000 9287.4
10 5 1000 21603.8
10 6 1000 30712.4
10 7 1000 54944.3
10 8 1000 50042.8
10 9 1000 51816.8
10 10 1000 48587.6
35 0 1000 3123.5
35 1 1000 3377.0
35 2 1000 3663.2
35 3 1000 4970.1
35 4 1000 6789.2
35 5 1000 12870.8
35 6 1000 13151.4
35 7 1000 17884.0
35 8 1000 11513.1
35 9 1000 16564.5
35 10 1000 13140.0
60 0 1000 3084.7
60 1 1000 3389.9
60 2 1000 3919.6
60 3 1000 5328.5
60 4 1000 8002.0
60 5 1000 12598.8
60 6 1000 17038.0
60 7 1000 13230.6
60 8 1000 13109.2
60 9 1000 14788.1
60 10 1000 13777.5
85 0 1000 3192.9
85 1 1000 3272.6
85 2 1000 3577.6
85 3 1000 4937.6
85 4 1000 6867.8
85 5 1000 7042.4
85 6 1000 7435.2
85 7 1000 6283.4
85 8 1000 6636.3
85 9 1000 7331.7
85 10 1000 7299.4
110 0 1000 3946.5
110 1 1000 3358.4
110 2 1000 3835.8
110 3 1000 5029.3
110 4 1000 7945.4
110 5 1000 7082.1
110 6 1000 8044.8
110 7 1000 8985.9
110 8 1000 7305.3
110 9 1000 7611.0
110 10 1000 7577.8
135 0 1000 3424.8
135 1 1000 3359.4
135 2 1000 3785.5
135 3 1000 4558.6
135 4 1000 4659.3
135 5 1000 4795.4
135 6 1000 4415.1
135 7 1000 4676.3
135 8 1000 4470.7
135 9 1000 4564.2
135 10 1000 4767.6
160 0 1000 4193.5
160 1 1000 3303.7
160 2 1000 3783.7
160 3 1000 4499.8
160 4 1000 4646.1
160 5 1000 4600.2
160 6 1000 4784.8
160 7 1000 4830.3
160 8 1000 4558.3
160 9 1000 4662.7
160 10 1000 4744.1
185 0 1000 3247.4
185 1 1000 3325.3
185 2 1000 3829.7
185 3 1000 4479.0
185 4 1000 4692.8
185 5 1000 4710.3
185 6 1000 4568.5
185 7 1000 4824.3
185 8 1000 5000.1
185 9 1000 4375.0
185 10 1000 4708.9
210 0 1000 3443.1
210 1 1000 3351.0
210 2 1000 3959.6
210 3 1000 4795.6
210 4 1000 4492.1
210 5 1000 4939.2
210 6 1000 4708.7
210 7 1000 4569.9
210 8 1000 4763.3
210 9 1000 4927.7
210 10 1000 4794.0
235 0 1000 8492.2
235 1 1000 3410.2
235 2 1000 3682.6
235 3 1000 4835.9
235 4 1000 4607.5
235 5 1000 5043.9
235 6 1000 4583.4
235 7 1000 6218.6
235 8 1000 4885.7
235 9 1000 5602.3
235 10 1000 6618.4
260 0 1000 3404.6
260 1 1000 3519.7
260 2 1000 3843.1
260 3 1000 3806.3
260 4 1000 3835.4
260 5 1000 3827.3
260 6 1000 4068.9
260 7 1000 4198.6
260 8 1000 4396.2
260 9 1000 4317.6
260 10 1000 3963.2
285 0 1000 3220.9
285 1 1000 3466.6
285 2 1000 4093.8
285 3 1000 4346.5
285 4 1000 4069.7
285 5 1000 4497.3
285 6 1000 4121.7
285 7 1000 4206.5
285 8 1000 4465.0
285 9 1000 4815.0
285 10 1000 3927.2
310 0 1000 3404.1
310 1 1000 3470.4
310 2 1000 3891.9
310 3 1000 3844.4
310 4 1000 4211.2
310 5 1000 4189.3
310 6 1000 4148.1
310 7 1000 4280.0
310 8 1000 4312.2
310 9 1000 3962.2
310 10 1000 4284.4
335 0 1000 3276.6
335 1 1000 3464.9
335 2 1000 3941.0
335 3 1000 5470.3
335 4 1000 4352.5
335 5 1000 4268.6
335 6 1000 4125.4
335 7 1000 4372.7
335 8 1000 4456.9
335 9 1000 6451.7
335 10 1000 3934.1
360 0 1000 3382.3
360 1 1000 3465.8
360 2 1000 4385.3
360 3 1000 4146.9
360 4 1000 3788.6
360 5 1000 4197.2
360 6 1000 4242.2
360 7 1000 4212.3
360 8 1000 4014.9
360 9 1000 4014.9
360 10 1000 3943.1
385 0 1000 3475.1
385 1 1000 3372.6
385 2 1000 3854.6
385 3 1000 3963.2
385 4 1000 4022.9
385 5 1000 3906.3
385 6 1000 4169.7
385 7 1000 4285.4
385 8 1000 3911.5
385 9 1000 3954.1
385 10 1000 4186.2
410 0 1000 3427.8
410 1 1000 3493.3
410 2 1000 3822.4
410 3 1000 4355.8
410 4 1000 3797.8
410 5 1000 4018.4
410 6 1000 3775.7
410 7 1000 3728.9
410 8 1000 3878.2
410 9 1000 4422.6
410 10 1000 3943.0
435 0 1000 3403.5
435 1 1000 3557.4
435 2 1000 3955.6
435 3 1000 4085.1
435 4 1000 4110.1
435 5 1000 4380.1
435 6 1000 4230.7
435 7 1000 4064.8
435 8 1000 7755.9
435 9 1000 4217.4
435 10 1000 4070.3
460 0 1000 3441.1
460 1 1000 3492.7
460 2 1000 4278.0
460 3 1000 4243.1
460 4 1000 4000.2
460 5 1000 3973.3
460 6 1000 4029.3
460 7 1000 4409.7
460 8 1000 3892.5
460 9 1000 4234.8
460 10 1000 4249.7
485 0 1000 3325.3
485 1 1000 3464.0
485 2 1000 4312.3
485 3 1000 4039.1
485 4 1000 4359.4
485 5 1000 4165.1
485 6 1000 4299.9
485 7 1000 3913.2
485 8 1000 4279.4
485 9 1000 4344.4
485 10 1000 4284.0
510 0 1000 4491.8
510 1 1000 3557.4
510 2 1000 3594.9
510 3 1000 3609.9
510 4 1000 3677.2
510 5 1000 3602.6
510 6 1000 3509.7
510 7 1000 3472.8
510 8 1000 3562.0
510 9 1000 3595.9
510 10 1000 3466.7
535 0 1000 3654.3
535 1 1000 3455.4
535 2 1000 3585.0
535 3 1000 3557.1
535 4 1000 3524.7
535 5 1000 3545.0
535 6 1000 3655.0
535 7 1000 3568.7
535 8 1000 3526.7
535 9 1000 3532.8
535 10 1000 3583.7
560 0 1000 3559.4
560 1 1000 3670.4
560 2 1000 3485.7
560 3 1000 3518.5
560 4 1000 3546.8
560 5 1000 3495.3
560 6 1000 3676.9
560 7 1000 3583.9
560 8 1000 3644.6
560 9 1000 3666.4
560 10 1000 3573.3
585 0 1000 3544.9
585 1 1000 3576.2
585 2 1000 3570.2
585 3 1000 3618.8
585 4 1000 3592.6
585 5 1000 3502.2
585 6 1000 3596.4
585 7 1000 3587.5
585 8 1000 6730.8
585 9 1000 3599.9
585 10 1000 3624.5
610 0 1000 3613.2
610 1 1000 3614.2
610 2 1000 3504.9
610 3 1000 3638.7
610 4 1000 3603.8
610 5 1000 3576.9
610 6 1000 3509.3
610 7 1000 3646.0
610 8 1000 3583.7
610 9 1000 3536.5
610 10 1000 3512.7
635 0 1000 3489.5
635 1 1000 3472.3
635 2 1000 3510.7
635 3 1000 3591.8
635 4 1000 3653.7
635 5 1000 3500.2
635 6 1000 3864.5
635 7 1000 4743.2
635 8 1000 3577.2
635 9 1000 3613.0
635 10 1000 3594.6
660 0 1000 3625.2
660 1 1000 3591.1
660 2 1000 3528.3
660 3 1000 3508.2
660 4 1000 3458.0
660 5 1000 3630.1
660 6 1000 3601.3
660 7 1000 3698.9
660 8 1000 3608.1
660 9 1000 3566.3
660 10 1000 3660.1
685 0 1000 3675.0
685 1 1000 3598.4
685 2 1000 3613.7
685 3 1000 3602.0
685 4 1000 3579.9
685 5 1000 3595.2
685 6 1000 3621.1
685 7 1000 3597.0
685 8 1000 3597.7
685 9 1000 3508.7
685 10 1000 3598.2
710 0 1000 3658.3
710 1 1000 3471.1
710 2 1000 3628.8
710 3 1000 3495.7
710 4 1000 3605.6
710 5 1000 3521.7
710 6 1000 3506.9
710 7 1000 3720.6
710 8 1000 3678.1
710 9 1000 3566.5
710 10 1000 3596.4
735 0 1000 3699.0
735 1 1000 3661.0
735 2 1000 3548.1
735 3 1000 3642.2
735 4 1000 3591.6
735 5 1000 3634.8
735 6 1000 3548.3
735 7 1000 3538.6
735 8 1000 3571.5
735 9 1000 3619.4
735 10 1000 3689.4
760 0 1000 3659.6
760 1 1000 3723.4
760 2 1000 3492.7
760 3 1000 3654.1
760 4 1000 3576.2
760 5 1000 3573.5
760 6 1000 3653.0
760 7 1000 3592.9
760 8 1000 3645.4
760 9 1000 3654.7
760 10 1000 3669.8
785 0 1000 3679.6
785 1 1000 3489.7
785 2 1000 3671.7
785 3 1000 3523.9
785 4 1000 11846.3
785 5 1000 3543.4
785 6 1000 3603.4
785 7 1000 3559.4
785 8 1000 3582.7
785 9 1000 3519.5
785 10 1000 5695.8
810 0 1000 3547.7
810 1 1000 3520.9
810 2 1000 3605.6
810 3 1000 3550.5
810 4 1000 3571.8
810 5 1000 3550.7
810 6 1000 3549.7
810 7 1000 3553.6
810 8 1000 3558.1
810 9 1000 3606.7
810 10 1000 3544.1
835 0 1000 3539.3
835 1 1000 3506.2
835 2 1000 3523.8
835 3 1000 3580.3
835 4 1000 3716.8
835 5 1000 3547.4
835 6 1000 3552.5
835 7 1000 3658.1
835 8 1000 3656.9
835 9 1000 3539.0
835 10 1000 3570.0
860 0 1000 3569.9
860 1 1000 3557.8
860 2 1000 3519.5
860 3 1000 3580.3
860 4 1000 3635.9
860 5 1000 3613.6
860 6 1000 3554.4
860 7 1000 3623.8
860 8 1000 3536.4
860 9 1000 3558.9
860 10 1000 3696.6
885 0 1000 3540.1
885 1 1000 3539.3
885 2 1000 3640.2
885 3 1000 3593.1
885 4 1000 3567.9
885 5 1000 3620.6
885 6 1000 3532.3
885 7 1000 3539.3
885 8 1000 3570.1
885 9 1000 3599.4
885 10 1000 3500.8
910 0 1000 3539.4
910 1 1000 3631.1
910 2 1000 3635.1
910 3 1000 3596.5
910 4 1000 3863.6
910 5 1000 3581.2
910 6 1000 3595.8
910 7 1000 3679.9
910 8 1000 3627.3
910 9 1000 3585.7
910 10 1000 3526.0
935 0 1000 3612.6
935 1 1000 4617.4
935 2 1000 3524.0
935 3 1000 3608.1
935 4 1000 3662.5
935 5 1000 3641.5
935 6 1000 3588.7
935 7 1000 3537.2
935 8 1000 3578.3
935 9 1000 3638.8
935 10 1000 4471.9
960 0 1000 3611.5
960 1 1000 3627.3
960 2 1000 3611.3
960 3 1000 3706.6
960 4 1000 3647.8
960 5 1000 3589.6
960 6 1000 3715.5
960 7 1000 3636.0
960 8 1000 3544.5
960 9 1000 3634.8
960 10 1000 3629.8
985 0 1000 3686.9
985 1 1000 3609.6
985 2 1000 3712.7
985 3 1000 3577.3
985 4 1000 3537.1
985 5 1000 3575.8
985 6 1000 3658.5
985 7 1000 3575.6
985 8 1000 3590.3
985 9 1000 3598.8
985 10 1000 3623.2
1010 0 1000 4127.7
1010 1 1000 3978.1
1010 2 1000 6355.0
1010 3 1000 4050.2
1010 4 1000 3968.3
1010 5 1000 4138.8
1010 6 1000 4083.6
1010 7 1000 4112.4
1010 8 1000 3817.8
1010 9 1000 3859.8
1010 10 1000 3811.3
1035 0 1000 3870.9
1035 1 1000 3965.5
1035 2 1000 3902.9
1035 3 1000 3898.1
1035 4 1000 3959.9
1035 5 1000 3881.3
1035 6 1000 3883.4
1035 7 1000 3886.5
1035 8 1000 3799.2
1035 9 1000 3828.5
1035 10 1000 3893.2
1060 0 1000 3804.0
1060 1 1000 3892.6
1060 2 1000 3918.4
1060 3 1000 3815.7
1060 4 1000 3908.4
1060 5 1000 4704.4
1060 6 1000 3798.8
1060 7 1000 3863.9
1060 8 1000 3814.6
1060 9 1000 5829.3
1060 10 1000 3911.4
1085 0 1000 3836.1
1085 1 1000 3824.1
1085 2 1000 3884.7
1085 3 1000 3934.7
1085 4 1000 3951.8
1085 5 1000 3832.3
1085 6 1000 3843.1
1085 7 1000 3814.8
1085 8 1000 3856.3
1085 9 1000 4710.3
1085 10 1000 3872.7
1110 0 1000 3800.6
1110 1 1000 3857.7
1110 2 1000 3914.5
1110 3 1000 3887.1
1110 4 1000 3841.6
1110 5 1000 4226.8
1110 6 1000 3993.9
1110 7 1000 10701.7
1110 8 1000 3873.7
1110 9 1000 3918.7
1110 10 1000 3789.7
1135 0 1000 3836.5
1135 1 1000 4791.4
1135 2 1000 3922.8
1135 3 1000 3976.3
1135 4 1000 3942.5
1135 5 1000 3843.2
1135 6 1000 3862.2
1135 7 1000 4014.7
1135 8 1000 5504.4
1135 9 1000 4768.0
1135 10 1000 3883.3
1160 0 1000 3891.9
1160 1 1000 3977.9
1160 2 1000 3900.0
1160 3 1000 3960.7
1160 4 1000 3920.0
1160 5 1000 3882.3
1160 6 1000 3982.4
1160 7 1000 4293.5
1160 8 1000 3931.5
1160 9 1000 3966.5
1160 10 1000 3834.4
1185 0 1000 3901.4
1185 1 1000 3817.6
1185 2 1000 3935.7
1185 3 1000 3967.4
1185 4 1000 3877.5
1185 5 1000 3922.7
1185 6 1000 3982.6
1185 7 1000 3986.8
1185 8 1000 3956.4
1185 9 1000 3914.9
1185 10 1000 3890.8
1210 0 1000 3909.1
1210 1 1000 3986.2
1210 2 1000 3917.9
1210 3 1000 3876.4
1210 4 1000 3872.5
1210 5 1000 3978.8
1210 6 1000 3918.4
1210 7 1000 4026.3
1210 8 1000 3972.5
1210 9 1000 4023.6
1210 10 1000 5218.9
1235 0 1000 3837.6
1235 1 1000 3993.8
1235 2 1000 3893.4
1235 3 1000 3992.3
1235 4 1000 3970.7
1235 5 1000 3808.4
1235 6 1000 3882.7
1235 7 1000 3905.3
1235 8 1000 3925.9
1235 9 1000 3873.5
1235 10 1000 3869.9
1260 0 1000 3872.3
1260 1 1000 3875.9
1260 2 1000 3864.5
1260 3 1000 9177.6
1260 4 1000 3937.9
1260 5 1000 3900.6
1260 6 1000 3905.9
1260 7 1000 3874.1
1260 8 1000 3974.0
1260 9 1000 3955.0
1260 10 1000 3903.6
1285 0 1000 3863.5
1285 1 1000 3958.6
1285 2 1000 4031.5
1285 3 1000 3937.2
1285 4 1000 3816.7
1285 5 1000 4947.9
1285 6 1000 3868.3
1285 7 1000 5320.5
1285 8 1000 3888.6
1285 9 1000 3939.8
1285 10 1000 3974.8
1310 0 1000 3884.7
1310 1 1000 3863.7
1310 2 1000 3889.0
1310 3 1000 3898.4
1310 4 1000 3865.0
1310 5 1000 3911.5
1310 6 1000 4094.0
1310 7 1000 3877.1
1310 8 1000 3884.8
1310 9 1000 3884.7
1310 10 1000 3886.9
1335 0 1000 4557.9
1335 1 1000 3864.6
1335 2 1000 3859.2
1335 3 1000 3861.5
1335 4 1000 4004.8
1335 5 1000 3863.8
1335 6 1000 3955.1
1335 7 1000 3838.7
1335 8 1000 3949.1
1335 9 1000 3967.9
1335 10 1000 3918.6
1360 0 1000 3848.0
1360 1 1000 4004.9
1360 2 1000 3880.6
1360 3 1000 3883.8
1360 4 1000 3907.7
1360 5 1000 3869.4
1360 6 1000 3944.8
1360 7 1000 3884.8
1360 8 1000 3964.5
1360 9 1000 4574.2
1360 10 1000 3955.4
1385 0 1000 4006.6
1385 1 1000 3951.2
1385 2 1000 3973.4
1385 3 1000 3899.6
1385 4 1000 3977.1
1385 5 1000 3998.1
1385 6 1000 3834.6
1385 7 1000 3992.4
1385 8 1000 3916.8
1385 9 1000 3999.2
1385 10 1000 3931.2
1410 0 1000 4018.2
1410 1 1000 4132.0
1410 2 1000 3956.6
1410 3 1000 3921.2
1410 4 1000 3964.8
1410 5 1000 3893.2
1410 6 1000 4734.8
1410 7 1000 3909.0
1410 8 1000 3949.2
1410 9 1000 4018.7
1410 10 1000 3887.8
1435 0 1000 3941.8
1435 1 1000 4221.4
1435 2 1000 4050.6
1435 3 1000 3931.7
1435 4 1000 5852.5
1435 5 1000 3947.7
1435 6 1000 3989.6
1435 7 1000 3916.3
1435 8 1000 4070.9
1435 9 1000 4006.4
1435 10 1000 3987.9
1460 0 1000 3970.8
1460 1 1000 3906.5
1460 2 1000 4118.2
1460 3 1000 3863.0
1460 4 1000 3908.9
1460 5 1000 6069.0
1460 6 1000 3912.5
1460 7 1000 3911.3
1460 8 1000 4293.1
1460 9 1000 3890.9
1460 10 1000 3925.8
1485 0 1000 3908.3
1485 1 1000 3980.5
1485 2 1000 4012.3
1485 3 1000 4034.5
1485 4 1000 4224.6
1485 5 1000 3994.7
1485 6 1000 3991.4
1485 7 1000 3906.8
1485 8 1000 4015.6
1485 9 1000 3950.5
1485 10 1000 4832.3
1510 0 1000 3859.8
1510 1 1000 4007.2
1510 2 1000 3880.6
1510 3 1000 3911.0
1510 4 1000 4044.6
1510 5 1000 3839.1
1510 6 1000 4012.3
1510 7 1000 3893.5
1510 8 1000 4003.2
1510 9 1000 4030.8
1510 10 1000 3955.9
1535 0 1000 3885.5
1535 1 1000 3888.0
1535 2 1000 4837.0
1535 3 1000 3890.6
1535 4 1000 3903.1
1535 5 1000 5049.2
1535 6 1000 3941.8
1535 7 1000 3904.7
1535 8 1000 3902.1
1535 9 1000 3845.7
1535 10 1000 3889.4
1560 0 1000 3893.9
1560 1 1000 4006.6
1560 2 1000 3921.8
1560 3 1000 3962.4
1560 4 1000 3942.7
1560 5 1000 4070.2
1560 6 1000 4040.9
1560 7 1000 3974.0
1560 8 1000 3999.2
1560 9 1000 3950.8
1560 10 1000 3907.8
1585 0 1000 4066.1
1585 1 1000 3902.0
1585 2 1000 3948.4
1585 3 1000 3905.3
1585 4 1000 3941.5
1585 5 1000 4014.3
1585 6 1000 3913.8
1585 7 1000 3938.6
1585 8 1000 3938.1
1585 9 1000 3973.1
1585 10 1000 3934.3
1610 0 1000 3968.4
1610 1 1000 4081.4
1610 2 1000 4006.7
1610 3 1000 4017.8
1610 4 1000 4064.7
1610 5 1000 4035.5
1610 6 1000 4175.8
1610 7 1000 3956.4
1610 8 1000 3989.8
1610 9 1000 3982.4
1610 10 1000 4031.4
1635 0 1000 3941.7
1635 1 1000 4413.7
1635 2 1000 4156.8
1635 3 1000 4026.5
1635 4 1000 4553.4
1635 5 1000 3951.1
1635 6 1000 4064.2
1635 7 1000 4823.1
1635 8 1000 3975.4
1635 9 1000 4088.6
1635 10 1000 4217.4
1660 0 1000 3954.8
1660 1 1000 4003.4
1660 2 1000 4053.4
1660 3 1000 4080.6
1660 4 1000 4013.2
1660 5 1000 4002.2
1660 6 1000 3995.1
1660 7 1000 3931.4
1660 8 1000 3917.5
1660 9 1000 4043.0
1660 10 1000 4144.1
1685 0 1000 3973.6
1685 1 1000 3917.0
1685 2 1000 3983.3
1685 3 1000 4078.0
1685 4 1000 4104.9
1685 5 1000 4145.6
1685 6 1000 3956.0
1685 7 1000 3958.6
1685 8 1000 3967.7
1685 9 1000 3902.4
1685 10 1000 4030.4
1710 0 1000 3918.7
1710 1 1000 4800.0
1710 2 1000 4030.9
1710 3 1000 4017.3
1710 4 1000 4880.1
1710 5 1000 3923.8
1710 6 1000 3949.8
1710 7 1000 4079.4
1710 8 1000 4016.5
1710 9 1000 4079.9
1710 10 1000 3911.3
1735 0 1000 3901.0
1735 1 1000 3945.1
1735 2 1000 3970.6
1735 3 1000 3981.6
1735 4 1000 4166.8
1735 5 1000 4098.0
1735 6 1000 4032.9
1735 7 1000 4021.4
1735 8 1000 4840.6
1735 9 1000 4017.6
1735 10 1000 4371.6
1760 0 1000 3964.6
1760 1 1000 4102.1
1760 2 1000 4333.6
1760 3 1000 3841.9
1760 4 1000 3879.9
1760 5 1000 3912.0
1760 6 1000 3830.6
1760 7 1000 3795.2
1760 8 1000 3825.6
1760 9 1000 3902.6
1760 10 1000 3882.2
1785 0 1000 3865.8
1785 1 1000 12628.3
1785 2 1000 3876.8
1785 3 1000 3882.1
1785 4 1000 3870.2
1785 5 1000 3899.6
1785 6 1000 3896.8
1785 7 1000 3844.1
1785 8 1000 3933.5
1785 9 1000 3882.7
1785 10 1000 3859.1
1810 0 1000 3822.3
1810 1 1000 3922.5
1810 2 1000 3844.3
1810 3 1000 3797.5
1810 4 1000 3900.3
1810 5 1000 3946.5
1810 6 1000 3921.5
1810 7 1000 3828.2
1810 8 1000 3892.6
1810 9 1000 3933.5
1810 10 1000 3843.0
1835 0 1000 3789.5
1835 1 1000 3856.8
1835 2 1000 4002.1
1835 3 1000 3928.8
1835 4 1000 3937.9
1835 5 1000 4058.9
1835 6 1000 3931.2
1835 7 1000 4949.8
1835 8 1000 3982.8
1835 9 1000 4055.2
1835 10 1000 3878.6
1860 0 1000 3950.4
1860 1 1000 3994.5
1860 2 1000 3966.3
1860 3 1000 5073.0
1860 4 1000 4268.6
1860 5 1000 3930.2
1860 6 1000 3980.9
1860 7 1000 4064.9
1860 8 1000 3993.3
1860 9 1000 4205.0
1860 10 1000 4983.7
1885 0 1000 4471.0
1885 1 1000 4033.4
1885 2 1000 4141.2
1885 3 1000 4024.2
1885 4 1000 4136.7
1885 5 1000 4036.4
1885 6 1000 4688.8
1885 7 1000 4030.0
1885 8 1000 3923.5
1885 9 1000 3878.3
1885 10 1000 3872.0
1910 0 1000 4362.0
1910 1 1000 3986.1
1910 2 1000 3841.3
1910 3 1000 4730.2
1910 4 1000 3960.9
1910 5 1000 4078.3
1910 6 1000 3948.2
1910 7 1000 4185.1
1910 8 1000 3902.4
1910 9 1000 4013.1
1910 10 1000 4092.8
1935 0 1000 14666.9
1935 1 1000 6154.7
1935 2 1000 4459.0
1935 3 1000 4539.9
1935 4 1000 3999.4
1935 5 1000 3890.0
1935 6 1000 4992.8
1935 7 1000 19264.8
1935 8 1000 3930.4
1935 9 1000 3989.9
1935 10 1000 3984.6
1960 0 1000 4491.8
1960 1 1000 3874.8
1960 2 1000 9151.4
1960 3 1000 4906.6
1960 4 1000 3965.2
1960 5 1000 4494.5
1960 6 1000 5017.4
1960 7 1000 3926.0
1960 8 1000 4301.4
1960 9 1000 3981.5
1960 10 1000 3983.0
1985 0 1000 3923.6
1985 1 1000 4110.3
1985 2 1000 4043.6
1985 3 1000 4272.0
1985 4 1000 3956.6
1985 5 1000 3894.5
1985 6 1000 3991.2
1985 7 1000 3913.3
1985 8 1000 4000.4
1985 9 1000 4024.0
1985 10 1000 3954.8
2010 0 1000 3861.0
2010 1 1000 3995.9
2010 2 1000 3956.9
2010 3 1000 3872.6
2010 4 1000 3963.3
2010 5 1000 4214.3
2010 6 1000 3958.4
2010 7 1000 4003.7
2010 8 1000 4241.2
2010 9 1000 4059.3
2010 10 1000 4033.0
10 0 10000 6539.1
10 1 10000 9160.6
10 2 10000 8852.4
10 3 10000 11450.8
10 4 10000 16733.5
10 5 10000 31401.3
10 6 10000 54289.3
10 7 10000 105325.2
10 8 10000 205206.4
10 9 10000 357186.4
10 10 10000 676582.6
35 0 10000 5373.3
35 1 10000 9700.5

35 2 10000 6724.3
35 3 10000 181280.9
35 4 10000 17437.1
35 5 10000 30134.7
35 6 10000 55819.6
35 7 10000 108198.5
35 8 10000 197834.8
35 9 10000 359736.8
35 10 10000 360652.3
60 0 10000 6248.1
60 1 10000 5070.3
60 2 10000 7482.4
60 3 10000 8389.7
60 4 10000 15002.3
60 5 10000 30776.9
60 6 10000 56582.4
60 7 10000 107395.4
60 8 10000 182049.1
60 9 10000 202505.2
60 10 10000 191113.4
85 0 10000 4719.6
85 1 10000 4525.0
85 2 10000 5463.9
85 3 10000 39045.4
85 4 10000 15383.8
85 5 10000 30676.1
85 6 10000 56381.6
85 7 10000 98273.2
85 8 10000 108299.6
85 9 10000 108169.8
85 10 10000 109383.2
110 0 10000 4787.5
110 1 10000 4463.0
110 2 10000 5643.4
110 3 10000 8202.8
110 4 10000 14078.3
110 5 10000 30184.1
110 6 10000 58103.3
110 7 10000 105829.5
110 8 10000 105559.0
110 9 10000 104934.1
110 10 10000 103702.8
135 0 10000 4909.6
135 1 10000 4726.9
135 2 10000 5321.6
135 3 10000 7971.9
135 4 10000 15182.1
135 5 10000 30498.0
135 6 10000 56005.9
135 7 10000 99681.5
135 8 10000 104701.4
135 9 10000 101606.4
135 10 10000 106410.0
160 0 10000 5230.1
160 1 10000 4575.5
160 2 10000 4941.7
160 3 10000 8182.4
160 4 10000 15289.3
160 5 10000 30474.3
160 6 10000 56343.4
160 7 10000 54890.8
160 8 10000 57721.3
160 9 10000 55084.5
160 10 10000 55308.2
185 0 10000 5265.7
185 1 10000 66240.1
185 2 10000 9285.3
185 3 10000 8614.5
185 4 10000 19553.0
185 5 10000 34544.5
185 6 10000 58722.4
185 7 10000 58793.6
185 8 10000 86963.0
185 9 10000 84258.6
185 10 10000 60577.8
210 0 10000 6070.6
210 1 10000 4927.2
210 2 10000 5709.9
210 3 10000 33801.5
210 4 10000 14898.0
210 5 10000 32534.1
210 6 10000 69542.9
210 7 10000 61012.5
210 8 10000 59260.9
210 9 10000 59876.3
210 10 10000 58411.0
235 0 10000 5340.2
235 1 10000 4944.0
235 2 10000 5849.9
235 3 10000 8387.5
235 4 10000 14810.3
235 5 10000 29507.3
235 6 10000 57055.1
235 7 10000 57642.7
235 8 10000 56472.3
235 9 10000 58640.2
235 10 10000 56303.9
260 0 10000 5562.6
260 1 10000 4897.4
260 2 10000 5238.4
260 3 10000 8858.1
260 4 10000 15921.5
260 5 10000 31482.2
260 6 10000 56972.2
260 7 10000 58403.6
260 8 10000 57061.2
260 9 10000 56024.3
260 10 10000 60426.7
285 0 10000 5884.1
285 1 10000 4842.8
285 2 10000 4769.8
285 3 10000 8598.2
285 4 10000 14946.2
285 5 10000 101200.2
285 6 10000 55348.5
285 7 10000 57223.1
285 8 10000 63660.6
285 9 10000 59570.9
285 10 10000 57760.4
310 0 10000 5750.3
310 1 10000 5545.0
310 2 10000 5459.9
310 3 10000 8741.7
310 4 10000 17152.6
310 5 10000 32306.8
310 6 10000 60164.2
310 7 10000 59294.9
310 8 10000 64351.1
310 9 10000 60443.1
310 10 10000 59760.0
335 0 10000 7175.1
335 1 10000 5490.3
335 2 10000 9732.5
335 3 10000 9954.7
335 4 10000 19494.1
335 5 10000 32077.3
335 6 10000 28415.4
335 7 10000 28369.6
335 8 10000 31125.0
335 9 10000 29440.2
335 10 10000 28151.1
360 0 10000 6530.4
360 1 10000 6038.9
360 2 10000 6341.0
360 3 10000 10237.0
360 4 10000 17587.5
360 5 10000 34309.7
360 6 10000 32149.8
360 7 10000 30661.3
360 8 10000 30548.4
360 9 10000 30916.7
360 10 10000 29955.1
385 0 10000 6785.7
385 1 10000 5429.1
385 2 10000 5931.9
385 3 10000 9790.3
385 4 10000 16149.9
385 5 10000 31289.1
385 6 10000 30459.2
385 7 10000 28655.5
385 8 10000 28674.1
385 9 10000 29267.1
385 10 10000 37573.0
410 0 10000 6502.0
410 1 10000 5627.9
410 2 10000 6025.5
410 3 10000 12019.9
410 4 10000 16934.3
410 5 10000 29299.2
410 6 10000 30813.8
410 7 10000 36081.1
410 8 10000 30867.2
410 9 10000 29479.3
410 10 10000 30838.3
435 0 10000 6960.6
435 1 10000 5866.4
435 2 10000 5331.0
435 3 10000 8492.5
435 4 10000 17868.1
435 5 10000 31201.1
435 6 10000 31799.5
435 7 10000 31627.7
435 8 10000 29513.1
435 9 10000 30472.1
435 10 10000 36513.0
460 0 10000 8038.0
460 1 10000 6273.0
460 2 10000 6626.4
460 3 10000 10579.2
460 4 10000 16093.7
460 5 10000 30859.1
460 6 10000 29033.4
460 7 10000 35943.4
460 8 10000 31617.7
460 9 10000 30352.6
460 10 10000 31232.9
485 0 10000 7395.8
485 1 10000 6028.0
485 2 10000 5691.7
485 3 10000 9321.3
485 4 10000 17512.0
485 5 10000 31715.6
485 6 10000 32127.0
485 7 10000 30184.0
485 8 10000 30576.0
485 9 10000 29219.7
485 10 10000 28438.9
510 0 10000 6451.4
510 1 10000 5431.8
510 2 10000 7099.5
510 3 10000 8706.7
510 4 10000 17000.2
510 5 10000 29654.3
510 6 10000 28607.5
510 7 10000 30883.9
510 8 10000 30352.3
510 9 10000 29640.7
510 10 10000 29582.6
535 0 10000 6513.2
535 1 10000 5433.2
535 2 10000 6095.6
535 3 10000 9514.8
535 4 10000 15340.9
535 5 10000 29603.3
535 6 10000 29373.8
535 7 10000 29105.6
535 8 10000 28545.3
535 9 10000 29712.1
535 10 10000 30090.2
560 0 10000 6548.6
560 1 10000 5149.7
560 2 10000 5546.2
560 3 10000 9367.2
560 4 10000 16784.0
560 5 10000 28340.8
560 6 10000 31347.2
560 7 10000 26982.4
560 8 10000 27605.4
560 9 10000 29841.0
560 10 10000 30308.0
585 0 10000 6413.9
585 1 10000 5375.8
585 2 10000 6422.0
585 3 10000 9515.5
585 4 10000 16817.4
585 5 10000 30259.2
585 6 10000 30219.2
585 7 10000 28412.0
585 8 10000 28505.4
585 9 10000 28302.6
585 10 10000 28058.0
610 0 10000 6866.2
610 1 10000 5306.0
610 2 10000 5358.2
610 3 10000 8720.8
610 4 10000 15216.7
610 5 10000 29356.0
610 6 10000 30020.7
610 7 10000 28056.8
610 8 10000 28534.3
610 9 10000 29453.4
610 10 10000 29306.1
635 0 10000 8746.7
635 1 10000 6461.2
635 2 10000 7059.5
635 3 10000 10697.4
635 4 10000 15644.0
635 5 10000 16187.2
635 6 10000 16274.6
635 7 10000 15880.0
635 8 10000 15460.1
635 9 10000 15209.6
635 10 10000 16812.1
660 0 10000 8922.2
660 1 10000 6672.3
660 2 10000 6049.5
660 3 10000 9836.9
660 4 10000 16076.1
660 5 10000 16238.7
660 6 10000 15792.8
660 7 10000 15881.6
660 8 10000 16018.9
660 9 10000 15708.5
660 10 10000 16248.9
685 0 10000 8779.7
685 1 10000 6703.8
685 2 10000 6763.2
685 3 10000 10013.2
685 4 10000 17077.2
685 5 10000 14968.4
685 6 10000 16190.3
685 7 10000 15755.5
685 8 10000 15752.1
685 9 10000 16156.1
685 10 10000 15736.6
710 0 10000 8772.9
710 1 10000 7102.9
710 2 10000 6409.5
710 3 10000 10205.2
710 4 10000 17938.6
710 5 10000 15424.7
710 6 10000 16035.5
710 7 10000 16467.0
710 8 10000 16829.9
710 9 10000 16068.9
710 10 10000 16052.7
735 0 10000 8834.4
735 1 10000 6703.2
735 2 10000 6853.2
735 3 10000 11043.8
735 4 10000 15263.3
735 5 10000 15345.0
735 6 10000 16173.7
735 7 10000 15256.2
735 8 10000 14991.9
735 9 10000 17204.6
735 10 10000 15366.1
760 0 10000 8887.1
760 1 10000 6503.9
760 2 10000 6909.9
760 3 10000 10680.7
760 4 10000 14988.0
760 5 10000 17561.2
760 6 10000 15435.7
760 7 10000 16762.3
760 8 10000 16773.8
760 9 10000 16134.4
760 10 10000 15733.5
785 0 10000 9209.6
785 1 10000 6394.6
785 2 10000 8465.1
785 3 10000 10791.1
785 4 10000 21142.5
785 5 10000 15650.3
785 6 10000 16284.2
785 7 10000 15306.4
785 8 10000 16327.4
785 9 10000 15249.2
785 10 10000 15719.0
810 0 10000 9276.5
810 1 10000 6897.7
810 2 10000 6991.9
810 3 10000 9620.5
810 4 10000 15664.6
810 5 10000 15155.7
810 6 10000 15792.4
810 7 10000 16127.5
810 8 10000 15345.8
810 9 10000 17065.5
810 10 10000 16277.2
835 0 10000 8665.0
835 1 10000 6431.6
835 2 10000 6697.1
835 3 10000 10221.6
835 4 10000 15490.0
835 5 10000 15138.5
835 6 10000 16133.5
835 7 10000 16826.9
835 8 10000 16226.9
835 9 10000 15454.6
835 10 10000 15053.9
860 0 10000 9095.5
860 1 10000 6637.0
860 2 10000 6418.5
860 3 10000 10242.8
860 4 10000 16722.8
860 5 10000 15941.5
860 6 10000 15071.3
860 7 10000 15925.0
860 8 10000 15698.8
860 9 10000 15679.3
860 10 10000 16293.7
885 0 10000 8874.5
885 1 10000 6489.7
885 2 10000 6837.9
885 3 10000 10510.9
885 4 10000 15956.4
885 5 10000 16371.9
885 6 10000 15201.8
885 7 10000 16315.7
885 8 10000 16672.8
885 9 10000 15019.6
885 10 10000 15582.5
910 0 10000 8664.9
910 1 10000 6436.0
910 2 10000 6821.0
910 3 10000 9696.7
910 4 10000 16376.6
910 5 10000 16416.9
910 6 10000 16003.7
910 7 10000 16352.2
910 8 10000 15491.9
910 9 10000 15790.7
910 10 10000 16179.8
935 0 10000 8894.8
935 1 10000 6810.6
935 2 10000 6959.4
935 3 10000 9942.2
935 4 10000 16097.1
935 5 10000 17150.8
935 6 10000 15077.7
935 7 10000 15667.4
935 8 10000 17929.0
935 9 10000 15705.7
935 10 10000 14738.3
960 0 10000 8720.5
960 1 10000 10135.1
960 2 10000 6925.9
960 3 10000 10747.1
960 4 10000 15238.4
960 5 10000 15881.8
960 6 10000 15337.6
960 7 10000 14608.2
960 8 10000 16428.3
960 9 10000 14177.6
960 10 10000 16358.3
985 0 10000 8773.8
985 1 10000 6532.0
985 2 10000 7148.2
985 3 10000 9915.7
985 4 10000 16172.3
985 5 10000 16284.3
985 6 10000 16931.9
985 7 10000 15997.0
985 8 10000 16093.0
985 9 10000 15520.3
985 10 10000 16264.3
1010 0 10000 8735.9
1010 1 10000 6369.4
1010 2 10000 6689.2
1010 3 10000 9456.0
1010 4 10000 15565.3
1010 5 10000 16105.6
1010 6 10000 16253.4
1010 7 10000 15938.8
1010 8 10000 15560.9
1010 9 10000 16154.9
1010 10 10000 17081.3
1035 0 10000 8773.7
1035 1 10000 10108.0
1035 2 10000 6829.9
1035 3 10000 14176.4
1035 4 10000 15572.6
1035 5 10000 16966.7
1035 6 10000 16379.0
1035 7 10000 15659.0
1035 8 10000 16558.5
1035 9 10000 16556.3
1035 10 10000 15480.6
1060 0 10000 8890.8
1060 1 10000 6710.6
1060 2 10000 6829.8
1060 3 10000 10587.4
1060 4 10000 15770.2
1060 5 10000 16598.1
1060 6 10000 15961.9
1060 7 10000 16169.2
1060 8 10000 16201.8
1060 9 10000 16384.8
1060 10 10000 16116.7
1085 0 10000 8871.1
1085 1 10000 6441.6
1085 2 10000 6580.3
1085 3 10000 10210.1
1085 4 10000 16777.8
1085 5 10000 16900.8
1085 6 10000 16236.1
1085 7 10000 15252.5
1085 8 10000 16313.5
1085 9 10000 16207.3
1085 10 10000 15881.9
1110 0 10000 8846.2
1110 1 10000 7986.0
1110 2 10000 6371.2
1110 3 10000 10379.1
1110 4 10000 16356.3
1110 5 10000 16442.5
1110 6 10000 16288.5
1110 7 10000 15912.9
1110 8 10000 15966.0
1110 9 10000 16603.5
1110 10 10000 15687.2
1135 0 10000 8763.2
1135 1 10000 6384.6
1135 2 10000 6601.0
1135 3 10000 10174.7
1135 4 10000 17036.4
1135 5 10000 14998.2
1135 6 10000 15541.6
1135 7 10000 15827.1
1135 8 10000 16195.2
1135 9 10000 15552.1
1135 10 10000 17397.9
1160 0 10000 8828.3
1160 1 10000 6530.9
1160 2 10000 7276.7
1160 3 10000 9599.6
1160 4 10000 17024.8
1160 5 10000 16053.1
1160 6 10000 14856.7
1160 7 10000 15807.0
1160 8 10000 16405.4
1160 9 10000 16281.3
1160 10 10000 15109.1
1185 0 10000 8700.3
1185 1 10000 6465.7
1185 2 10000 7177.1
1185 3 10000 9999.4
1185 4 10000 15887.1
1185 5 10000 16173.7
1185 6 10000 15240.6
1185 7 10000 16079.8
1185 8 10000 15693.1
1185 9 10000 15772.9
1185 10 10000 15727.9
1210 0 10000 8725.8
1210 1 10000 6740.2
1210 2 10000 6764.0
1210 3 10000 9230.2
1210 4 10000 16204.3
1210 5 10000 16547.0
1210 6 10000 15867.6
1210 7 10000 14408.0
1210 8 10000 11124.4
1210 9 10000 11121.8
1210 10 10000 10085.2
1235 0 10000 8873.2
1235 1 10000 6524.9
1235 2 10000 6173.5
1235 3 10000 7966.8
1235 4 10000 10748.2
1235 5 10000 9460.9
1235 6 10000 10077.7
1235 7 10000 10308.0
1235 8 10000 8959.9
1235 9 10000 10300.7
1235 10 10000 9517.8
1260 0 10000 13874.3
1260 1 10000 8969.3
1260 2 10000 8261.7
1260 3 10000 9946.3
1260 4 10000 10392.1
1260 5 10000 9800.0
1260 6 10000 9708.1
1260 7 10000 10281.4
1260 8 10000 10112.5
1260 9 10000 10140.6
1260 10 10000 10200.4
1285 0 10000 13742.7
1285 1 10000 9108.5
1285 2 10000 8372.7
1285 3 10000 9990.4
1285 4 10000 10207.3
1285 5 10000 9766.1
1285 6 10000 10195.0
1285 7 10000 9721.2
1285 8 10000 9961.2
1285 9 10000 9820.8
1285 10 10000 10606.8
1310 0 10000 13931.1
1310 1 10000 9074.7
1310 2 10000 8611.5
1310 3 10000 10608.2
1310 4 10000 9643.1
1310 5 10000 10055.5
1310 6 10000 9979.3
1310 7 10000 15554.7
1310 8 10000 10011.8
1310 9 10000 10259.4
1310 10 10000 10275.7
1335 0 10000 16065.8
1335 1 10000 8935.3
1335 2 10000 11142.4
1335 3 10000 9958.7
1335 4 10000 12832.5
1335 5 10000 9669.2
1335 6 10000 9956.4
1335 7 10000 9735.5
1335 8 10000 10499.2
1335 9 10000 10207.8
1335 10 10000 10162.3
1360 0 10000 14676.4
1360 1 10000 8861.8
1360 2 10000 8056.3
1360 3 10000 10148.2
1360 4 10000 10502.5
1360 5 10000 10567.9
1360 6 10000 9883.5
1360 7 10000 10460.5
1360 8 10000 10315.8
1360 9 10000 9900.7
1360 10 10000 9676.0
1385 0 10000 13652.2
1385 1 10000 9604.5
1385 2 10000 8417.1
1385 3 10000 10240.7
1385 4 10000 10137.3
1385 5 10000 10272.0
1385 6 10000 10049.9
1385 7 10000 11270.2
1385 8 10000 9705.2
1385 9 10000 10330.4
1385 10 10000 9586.0
1410 0 10000 13999.1
1410 1 10000 9333.5
1410 2 10000 8332.9
1410 3 10000 10108.1
1410 4 10000 10162.6
1410 5 10000 9829.7
1410 6 10000 14671.3
1410 7 10000 9601.9
1410 8 10000 11013.3
1410 9 10000 9595.7
1410 10 10000 9678.3
1435 0 10000 13738.1
1435 1 10000 9027.4
1435 2 10000 8751.5
1435 3 10000 10703.4
1435 4 10000 9636.0
1435 5 10000 9908.8
1435 6 10000 10056.9
1435 7 10000 13602.8
1435 8 10000 10413.8
1435 9 10000 9879.6
1435 10 10000 10603.1
1460 0 10000 14140.7
1460 1 10000 9084.7
1460 2 10000 8711.0
1460 3 10000 10069.7
1460 4 10000 9777.7
1460 5 10000 9568.3
1460 6 10000 13545.5
1460 7 10000 10343.8
1460 8 10000 9670.3
1460 9 10000 9586.8
1460 10 10000 10700.8
1485 0 10000 13641.7
1485 1 10000 9107.4
1485 2 10000 7577.1
1485 3 10000 10055.1
1485 4 10000 10659.4
1485 5 10000 10070.9
1485 6 10000 10328.1
1485 7 10000 10363.4
1485 8 10000 9794.4
1485 9 10000 9940.9
1485 10 10000 10187.9
1510 0 10000 13893.7
1510 1 10000 9210.5
1510 2 10000 7732.6
1510 3 10000 10423.3
1510 4 10000 10278.2
1510 5 10000 10473.2
1510 6 10000 10258.9
1510 7 10000 10428.4
1510 8 10000 10076.6
1510 9 10000 10069.1
1510 10 10000 10539.8
1535 0 10000 13684.4
1535 1 10000 8844.1
1535 2 10000 8718.3
1535 3 10000 9700.2
1535 4 10000 10349.7
1535 5 10000 9979.3
1535 6 10000 10336.4
1535 7 10000 9964.4
1535 8 10000 10237.7
1535 9 10000 9755.6
1535 10 10000 10092.7
1560 0 10000 13666.2
1560 1 10000 9677.3
1560 2 10000 8325.8
1560 3 10000 9993.4
1560 4 10000 10888.9
1560 5 10000 10184.7
1560 6 10000 10231.4
1560 7 10000 9918.8
1560 8 10000 9537.3
1560 9 10000 10506.7
1560 10 10000 10312.2
1585 0 10000 13782.1
1585 1 10000 9280.7
1585 2 10000 8670.5
1585 3 10000 10936.5
1585 4 10000 10000.0
1585 5 10000 9685.2
1585 6 10000 9908.1
1585 7 10000 9774.1
1585 8 10000 10224.0
1585 9 10000 9708.1
1585 10 10000 9981.7
1610 0 10000 13779.4
1610 1 10000 8945.6
1610 2 10000 8156.3
1610 3 10000 10078.7
1610 4 10000 10442.1
1610 5 10000 9832.9
1610 6 10000 10262.0
1610 7 10000 10161.1
1610 8 10000 10144.8
1610 9 10000 9959.8
1610 10 10000 10259.4
1635 0 10000 13906.8
1635 1 10000 9414.5
1635 2 10000 8310.5
1635 3 10000 10397.4
1635 4 10000 14837.0
1635 5 10000 10151.8
1635 6 10000 10187.8
1635 7 10000 9822.7
1635 8 10000 10332.0
1635 9 10000 10006.4
1635 10 10000 10334.1
1660 0 10000 13843.8
1660 1 10000 9113.6
1660 2 10000 7410.7
1660 3 10000 9947.1
1660 4 10000 9853.0
1660 5 10000 10350.2
1660 6 10000 12646.2
1660 7 10000 9998.0
1660 8 10000 9934.9
1660 9 10000 10336.7
1660 10 10000 9405.4
1685 0 10000 13813.5
1685 1 10000 9080.5
1685 2 10000 7890.9
1685 3 10000 10415.4
1685 4 10000 10315.2
1685 5 10000 10216.2
1685 6 10000 10566.5
1685 7 10000 9787.7
1685 8 10000 10057.7
1685 9 10000 10172.5
1685 10 10000 9965.0
1710 0 10000 13761.4
1710 1 10000 9000.1
1710 2 10000 8662.3
1710 3 10000 9798.4
1710 4 10000 9943.4
1710 5 10000 9898.0
1710 6 10000 10458.0
1710 7 10000 10633.5
1710 8 10000 10021.4
1710 9 10000 10081.6
1710 10 10000 10070.8
1735 0 10000 13775.6
1735 1 10000 9075.3
1735 2 10000 8541.2
1735 3 10000 12266.3
1735 4 10000 9909.8
1735 5 10000 10181.0
1735 6 10000 9880.3
1735 7 10000 9666.4
1735 8 10000 10513.4
1735 9 10000 10504.4
1735 10 10000 10337.5
1760 0 10000 13917.3
1760 1 10000 9222.3
1760 2 10000 8344.0
1760 3 10000 12031.7
1760 4 10000 10340.5
1760 5 10000 12540.8
1760 6 10000 10172.4
1760 7 10000 10338.2
1760 8 10000 9943.5
1760 9 10000 10638.3
1760 10 10000 9745.7
1785 0 10000 14016.8
1785 1 10000 9333.5
1785 2 10000 7472.2
1785 3 10000 10395.9
1785 4 10000 10478.3
1785 5 10000 11433.1
1785 6 10000 10516.3
1785 7 10000 11361.3
1785 8 10000 10941.9
1785 9 10000 11600.0
1785 10 10000 10176.0
1810 0 10000 13774.9
1810 1 10000 9193.3
1810 2 10000 7795.6
1810 3 10000 10302.6
1810 4 10000 9979.7
1810 5 10000 9964.0
1810 6 10000 9668.1
1810 7 10000 9673.9
1810 8 10000 9859.8
1810 9 10000 9382.0
1810 10 10000 9580.5
1835 0 10000 13876.2
1835 1 10000 8984.9
1835 2 10000 8994.1
1835 3 10000 9727.8
1835 4 10000 10456.6
1835 5 10000 10042.0
1835 6 10000 9980.7
1835 7 10000 11014.3
1835 8 10000 10020.1
1835 9 10000 9146.8
1835 10 10000 10428.0
1860 0 10000 17285.4
1860 1 10000 9015.3
1860 2 10000 9939.0
1860 3 10000 10566.7
1860 4 10000 14609.5
1860 5 10000 10922.9
1860 6 10000 16288.2
1860 7 10000 10079.0
1860 8 10000 9548.2
1860 9 10000 12989.5
1860 10 10000 11599.0
1885 0 10000 13595.9
1885 1 10000 15263.3
1885 2 10000 7922.7
1885 3 10000 9940.1
1885 4 10000 10266.7
1885 5 10000 10098.6
1885 6 10000 10585.6
1885 7 10000 10138.1
1885 8 10000 10625.5
1885 9 10000 10015.7
1885 10 10000 10316.5
1910 0 10000 13690.4
1910 1 10000 9246.2
1910 2 10000 8036.0
1910 3 10000 10073.5
1910 4 10000 10247.3
1910 5 10000 10088.5
1910 6 10000 10079.1
1910 7 10000 10105.7
1910 8 10000 9868.5
1910 9 10000 10489.9
1910 10 10000 9958.4
1935 0 10000 13736.3
1935 1 10000 8926.3
1935 2 10000 7932.8
1935 3 10000 10184.7
1935 4 10000 10628.6
1935 5 10000 10577.0
1935 6 10000 10280.9
1935 7 10000 10392.8
1935 8 10000 10849.8
1935 9 10000 11057.4
1935 10 10000 11122.9
1960 0 10000 13653.5
1960 1 10000 8992.6
1960 2 10000 8404.5
1960 3 10000 11122.3
1960 4 10000 10975.8
1960 5 10000 10426.8
1960 6 10000 10614.4
1960 7 10000 10625.8
1960 8 10000 10580.5
1960 9 10000 10117.6
1960 10 10000 9720.6
1985 0 10000 13796.1
1985 1 10000 9372.0
1985 2 10000 8173.4
1985 3 10000 10876.0
1985 4 10000 10596.3
1985 5 10000 11793.3
1985 6 10000 11158.2
1985 7 10000 11009.6
1985 8 10000 29170.4
1985 9 10000 11763.4
1985 10 10000 11755.0
2010 0 10000 13784.0
2010 1 10000 9333.5
2010 2 10000 9551.3
2010 3 10000 11478.8
2010 4 10000 11511.7
2010 5 10000 11322.5
2010 6 10000 11242.7
2010 7 10000 10860.4
2010 8 10000 11643.6
2010 9 10000 11437.4
2010 10 10000 11246.0
10 0 100000 52621.2
10 1 100000 92901.7
10 2 100000 82042.7
10 3 100000 78560.9
10 4 100000 84901.5
10 5 100000 95817.5
10 6 100000 114120.0
10 7 100000 153456.2
10 8 100000 239350.2
10 9 100000 403702.5
10 10 100000 709055.5
35 0 100000 26282.6
35 1 100000 27658.4
35 2 100000 26460.8
35 3 100000 28700.5
35 4 100000 36168.6
35 5 100000 48468.1
35 6 100000 74693.3
35 7 100000 123369.8
35 8 100000 201677.6
35 9 100000 362787.0
35 10 100000 669380.2
60 0 100000 23094.6
60 1 100000 18838.9
60 2 100000 17089.9
60 3 100000 21325.9
60 4 100000 27832.4
60 5 100000 43505.6
60 6 100000 68514.1
60 7 100000 120105.8
60 8 100000 196724.3
60 9 100000 366532.7
60 10 100000 684864.1
85 0 100000 23246.6
85 1 100000 19003.6
85 2 100000 18516.4
85 3 100000 22334.2
85 4 100000 31455.2
85 5 100000 46003.9
85 6 100000 69195.5
85 7 100000 121192.7
85 8 100000 197554.4
85 9 100000 355228.9
85 10 100000 702110.0
110 0 100000 23833.1
110 1 100000 16388.6
110 2 100000 15228.6
110 3 100000 19729.0
110 4 100000 28241.7
110 5 100000 43374.3
110 6 100000 71976.7
110 7 100000 117498.2
110 8 100000 204377.1
110 9 100000 364296.7
110 10 100000 686415.7
135 0 100000 23832.1
135 1 100000 16076.2
135 2 100000 15553.1
135 3 100000 19481.5
135 4 100000 29712.0
135 5 100000 42781.2
135 6 100000 67375.7
135 7 100000 119561.9
135 8 100000 199929.5
135 9 100000 380761.2
135 10 100000 706346.7
160 0 100000 26888.1
160 1 100000 16720.1
160 2 100000 15537.1
160 3 100000 18364.8
160 4 100000 26424.2
160 5 100000 41739.1
160 6 100000 70273.4
160 7 100000 112929.4
160 8 100000 201580.3
160 9 100000 363179.6
160 10 100000 661798.9
185 0 100000 23896.4
185 1 100000 16291.6
185 2 100000 14487.9
185 3 100000 17584.4
185 4 100000 29693.0
185 5 100000 42566.6
185 6 100000 69082.7
185 7 100000 121120.6
185 8 100000 204614.2
185 9 100000 373552.8
185 10 100000 692111.4
210 0 100000 29388.4
210 1 100000 18612.1
210 2 100000 15467.1
210 3 100000 20679.7
210 4 100000 29786.7
210 5 100000 41841.1
210 6 100000 69148.2
210 7 100000 119968.3
210 8 100000 203249.7
210 9 100000 373227.9
210 10 100000 363187.8
235 0 100000 29718.9
235 1 100000 18885.8
235 2 100000 14853.0
235 3 100000 21472.2
235 4 100000 30654.8
235 5 100000 44880.3
235 6 100000 72849.0
235 7 100000 120298.2
235 8 100000 208998.3
235 9 100000 375208.0
235 10 100000 369071.5
260 0 100000 29785.3
260 1 100000 18504.3
260 2 100000 15592.1
260 3 100000 20655.0
260 4 100000 30173.4
260 5 100000 42997.6
260 6 100000 66930.2
260 7 100000 124727.4
260 8 100000 210570.1
260 9 100000 362037.7
260 10 100000 366303.9
285 0 100000 29503.3
285 1 100000 18218.6
285 2 100000 15712.7
285 3 100000 20212.4
285 4 100000 30985.2
285 5 100000 43520.6
285 6 100000 71260.9
285 7 100000 120749.3
285 8 100000 194571.7
285 9 100000 379633.0
285 10 100000 391517.7
310 0 100000 29773.0
310 1 100000 18691.7
310 2 100000 16521.1
310 3 100000 20885.3
310 4 100000 29762.8
310 5 100000 45003.1
310 6 100000 68031.3
310 7 100000 124106.4
310 8 100000 203740.6
310 9 100000 363362.2
310 10 100000 362531.1
335 0 100000 29897.1
335 1 100000 18306.5
335 2 100000 15079.9
335 3 100000 19921.1
335 4 100000 30329.7
335 5 100000 42344.3
335 6 100000 68745.5
335 7 100000 118691.8
335 8 100000 204478.5
335 9 100000 367371.7
335 10 100000 365581.2
360 0 100000 29815.7
360 1 100000 18537.7
360 2 100000 16310.9
360 3 100000 21121.4
360 4 100000 29878.9
360 5 100000 42794.4
360 6 100000 70857.5
360 7 100000 121970.0
360 8 100000 201665.9
360 9 100000 375413.5
360 10 100000 373258.3
385 0 100000 29548.3
385 1 100000 18814.8
385 2 100000 15857.3
385 3 100000 19480.6
385 4 100000 30071.0
385 5 100000 43049.9
385 6 100000 70407.4
385 7 100000 115708.4
385 8 100000 201302.3
385 9 100000 378734.4
385 10 100000 360006.1
410 0 100000 43367.9
410 1 100000 25825.1
410 2 100000 19863.3
410 3 100000 25049.8
410 4 100000 34609.5
410 5 100000 48191.5
410 6 100000 72355.4
410 7 100000 111921.8
410 8 100000 199248.4
410 9 100000 182949.8
410 10 100000 198902.9
435 0 100000 43500.3
435 1 100000 25651.3
435 2 100000 18251.9
435 3 100000 22107.2
435 4 100000 29168.5
435 5 100000 40512.7
435 6 100000 61835.4
435 7 100000 109053.3
435 8 100000 200133.3
435 9 100000 198495.6
435 10 100000 196346.0
460 0 100000 43717.6
460 1 100000 25724.1
460 2 100000 20192.3
460 3 100000 22901.6
460 4 100000 28408.0
460 5 100000 41350.5
460 6 100000 67731.9
460 7 100000 114266.6
460 8 100000 199889.9
460 9 100000 203430.1
460 10 100000 197348.6
485 0 100000 43806.2
485 1 100000 25285.9
485 2 100000 19316.6
485 3 100000 22753.5
485 4 100000 29799.6
485 5 100000 45319.1
485 6 100000 64963.4
485 7 100000 114044.4
485 8 100000 204040.3
485 9 100000 196603.6
485 10 100000 204669.8
510 0 100000 43625.2
510 1 100000 25318.0
510 2 100000 19124.8
510 3 100000 22749.6
510 4 100000 32726.8
510 5 100000 44417.0
510 6 100000 73076.2
510 7 100000 126151.4
510 8 100000 206428.1
510 9 100000 201056.3
510 10 100000 201051.6
535 0 100000 43689.6
535 1 100000 25683.0
535 2 100000 20102.2
535 3 100000 24914.9
535 4 100000 35302.6
535 5 100000 48019.8
535 6 100000 74726.5
535 7 100000 125797.1
535 8 100000 206044.9
535 9 100000 193849.1
535 10 100000 197476.7
560 0 100000 43595.1
560 1 100000 25373.2
560 2 100000 22882.9
560 3 100000 23639.5
560 4 100000 30245.1
560 5 100000 44765.4
560 6 100000 68944.7
560 7 100000 121416.6
560 8 100000 207608.3
560 9 100000 207252.2
560 10 100000 211444.3
585 0 100000 43609.7
585 1 100000 25337.3
585 2 100000 19360.9
585 3 100000 24658.0
585 4 100000 34999.4
585 5 100000 47838.4
585 6 100000 73783.7
585 7 100000 124248.4
585 8 100000 205888.2
585 9 100000 201464.3
585 10 100000 208952.1
610 0 100000 43588.7
610 1 100000 25288.4
610 2 100000 19961.7
610 3 100000 25775.4
610 4 100000 35502.1
610 5 100000 42135.1
610 6 100000 60453.1
610 7 100000 106992.4
610 8 100000 198212.3
610 9 100000 187274.6
610 10 100000 193067.9
635 0 100000 43505.3
635 1 100000 25587.3
635 2 100000 18425.7
635 3 100000 22723.8
635 4 100000 28345.4
635 5 100000 38500.0
635 6 100000 60728.3
635 7 100000 112781.7
635 8 100000 190729.5
635 9 100000 194177.5
635 10 100000 196128.4
660 0 100000 43794.4
660 1 100000 25323.3
660 2 100000 18245.4
660 3 100000 23312.2
660 4 100000 28452.1
660 5 100000 45215.1
660 6 100000 65684.9
660 7 100000 117390.9
660 8 100000 201757.5
660 9 100000 205796.0
660 10 100000 198658.9
685 0 100000 43600.9
685 1 100000 25321.3
685 2 100000 19259.9
685 3 100000 25225.4
685 4 100000 35275.9
685 5 100000 48421.6
685 6 100000 73328.0
685 7 100000 121902.9
685 8 100000 200788.9
685 9 100000 208555.9
685 10 100000 202933.5
710 0 100000 43676.1
710 1 100000 25631.0
710 2 100000 19268.2
710 3 100000 24993.5
710 4 100000 34329.9
710 5 100000 47564.1
710 6 100000 74200.4
710 7 100000 124830.6
710 8 100000 208679.1
710 9 100000 203735.5
710 10 100000 205333.9
735 0 100000 43461.1
735 1 100000 25666.0
735 2 100000 18281.9
735 3 100000 23366.0
735 4 100000 32940.7
735 5 100000 48020.1
735 6 100000 72144.5
735 7 100000 122031.0
735 8 100000 205262.5
735 9 100000 205536.1
735 10 100000 206530.2
760 0 100000 43352.2
760 1 100000 25303.2
760 2 100000 20259.7
760 3 100000 24983.2
760 4 100000 36461.5
760 5 100000 47526.2
760 6 100000 74119.6
760 7 100000 121672.7
760 8 100000 200801.5
760 9 100000 202010.7
760 10 100000 207692.2
785 0 100000 72963.6
785 1 100000 40618.9
785 2 100000 28120.0
785 3 100000 32900.6
785 4 100000 44019.2
785 5 100000 55204.3
785 6 100000 78452.4
785 7 100000 123045.4
785 8 100000 121362.3
785 9 100000 126563.8
785 10 100000 122947.1
810 0 100000 72902.6
810 1 100000 40532.4
810 2 100000 27345.6
810 3 100000 33954.9
810 4 100000 44099.5
810 5 100000 55016.5
810 6 100000 75874.5
810 7 100000 121618.8
810 8 100000 120355.3
810 9 100000 123136.5
810 10 100000 120697.9
835 0 100000 73067.0
835 1 100000 40205.0
835 2 100000 27308.5
835 3 100000 33407.0
835 4 100000 44828.0
835 5 100000 55543.0
835 6 100000 77858.4
835 7 100000 120281.4
835 8 100000 119212.8
835 9 100000 118132.0
835 10 100000 119132.9
860 0 100000 72917.3
860 1 100000 40427.6
860 2 100000 27730.5
860 3 100000 33773.6
860 4 100000 44252.6
860 5 100000 54272.7
860 6 100000 76460.4
860 7 100000 119603.7
860 8 100000 121460.6
860 9 100000 114438.3
860 10 100000 118074.8
885 0 100000 73076.8
885 1 100000 40372.2
885 2 100000 28737.1
885 3 100000 33766.9
885 4 100000 44190.1
885 5 100000 55096.9
885 6 100000 76130.3
885 7 100000 122283.0
885 8 100000 117331.3
885 9 100000 118064.4
885 10 100000 120542.3
910 0 100000 73071.3
910 1 100000 40179.1
910 2 100000 26371.3
910 3 100000 31775.5
910 4 100000 45375.9
910 5 100000 55592.8
910 6 100000 73622.8
910 7 100000 123288.2
910 8 100000 123590.7
910 9 100000 123448.7
910 10 100000 123084.9
935 0 100000 73107.5
935 1 100000 40391.9
935 2 100000 27197.2
935 3 100000 33781.4
935 4 100000 44179.7
935 5 100000 54066.6
935 6 100000 76244.2
935 7 100000 126180.0
935 8 100000 123006.9
935 9 100000 123096.6
935 10 100000 127193.0
960 0 100000 72960.9
960 1 100000 40522.8
960 2 100000 28239.0
960 3 100000 32876.7
960 4 100000 44863.9
960 5 100000 55086.0
960 6 100000 74414.1
960 7 100000 120945.8
960 8 100000 128217.0
960 9 100000 125302.0
960 10 100000 128184.1
985 0 100000 73025.2
985 1 100000 40436.0
985 2 100000 27483.0
985 3 100000 33628.5
985 4 100000 45731.5
985 5 100000 55209.8
985 6 100000 76151.6
985 7 100000 123558.8
985 8 100000 123694.8
985 9 100000 121863.0
985 10 100000 124602.6
1010 0 100000 72947.8
1010 1 100000 40407.4
1010 2 100000 27826.5
1010 3 100000 33617.6
1010 4 100000 46160.3
1010 5 100000 54763.2
1010 6 100000 75593.5
1010 7 100000 128269.7
1010 8 100000 124451.1
1010 9 100000 123304.5
1010 10 100000 123424.8
1035 0 100000 73056.2
1035 1 100000 40070.2
1035 2 100000 27301.3
1035 3 100000 34156.3
1035 4 100000 44118.9
1035 5 100000 54838.6
1035 6 100000 73535.0
1035 7 100000 127221.6
1035 8 100000 121978.6
1035 9 100000 123691.6
1035 10 100000 118266.3
1060 0 100000 72952.4
1060 1 100000 40941.4
1060 2 100000 27981.0
1060 3 100000 34968.9
1060 4 100000 44824.0
1060 5 100000 56081.3
1060 6 100000 77500.5
1060 7 100000 127345.1
1060 8 100000 121821.4
1060 9 100000 121690.3
1060 10 100000 124749.1
1085 0 100000 73167.1
1085 1 100000 40420.1
1085 2 100000 28500.8
1085 3 100000 34368.3
1085 4 100000 46301.6
1085 5 100000 55425.2
1085 6 100000 75419.7
1085 7 100000 124831.5
1085 8 100000 120572.1
1085 9 100000 124582.5
1085 10 100000 122499.0
1110 0 100000 72869.4
1110 1 100000 40019.7
1110 2 100000 27347.2
1110 3 100000 35195.8
1110 4 100000 46688.9
1110 5 100000 56783.1
1110 6 100000 75182.3
1110 7 100000 126531.8
1110 8 100000 122353.1
1110 9 100000 119870.1
1110 10 100000 119108.0
1135 0 100000 72901.1
1135 1 100000 40189.2
1135 2 100000 28092.8
1135 3 100000 34587.8
1135 4 100000 44123.2
1135 5 100000 53517.0
1135 6 100000 73988.5
1135 7 100000 118570.5
1135 8 100000 123240.9
1135 9 100000 117406.9
1135 10 100000 125661.0
1160 0 100000 73409.7
1160 1 100000 40371.9
1160 2 100000 27467.4
1160 3 100000 33658.2
1160 4 100000 44235.0
1160 5 100000 55288.2
1160 6 100000 75708.2
1160 7 100000 123891.7
1160 8 100000 122964.5
1160 9 100000 121240.6
1160 10 100000 124435.7
1185 0 100000 73026.7
1185 1 100000 40240.5
1185 2 100000 27978.0
1185 3 100000 34825.1
1185 4 100000 44523.3
1185 5 100000 54285.4
1185 6 100000 77563.8
1185 7 100000 118948.3
1185 8 100000 121732.7
1185 9 100000 121800.3
1185 10 100000 122001.9
1210 0 100000 73381.1
1210 1 100000 40837.9
1210 2 100000 28957.5
1210 3 100000 34018.5
1210 4 100000 44845.2
1210 5 100000 54858.1
1210 6 100000 75740.3
1210 7 100000 126510.3
1210 8 100000 128659.1
1210 9 100000 121245.4
1210 10 100000 125277.2
1235 0 100000 73227.2
1235 1 100000 40366.3
1235 2 100000 27448.6
1235 3 100000 34713.6
1235 4 100000 45234.2
1235 5 100000 55386.1
1235 6 100000 76164.2
1235 7 100000 120721.2
1235 8 100000 123282.1
1235 9 100000 122939.4
1235 10 100000 128945.7
1260 0 100000 73217.4
1260 1 100000 40393.9
1260 2 100000 26924.8
1260 3 100000 32911.0
1260 4 100000 43843.7
1260 5 100000 56830.6
1260 6 100000 73979.5
1260 7 100000 123387.9
1260 8 100000 126842.9
1260 9 100000 118391.9
1260 10 100000 127423.2
1285 0 100000 73176.0
1285 1 100000 40196.5
1285 2 100000 27733.9
1285 3 100000 34183.7
1285 4 100000 45102.1
1285 5 100000 56153.1
1285 6 100000 75790.1
1285 7 100000 119390.8
1285 8 100000 120414.8
1285 9 100000 119400.8
1285 10 100000 124904.5
1310 0 100000 73238.2
1310 1 100000 40418.6
1310 2 100000 27926.2
1310 3 100000 34618.1
1310 4 100000 44600.6
1310 5 100000 56182.5
1310 6 100000 73499.4
1310 7 100000 122069.5
1310 8 100000 121836.1
1310 9 100000 124516.7
1310 10 100000 123431.1
1335 0 100000 73140.4
1335 1 100000 40128.3
1335 2 100000 28239.1
1335 3 100000 34673.3
1335 4 100000 45347.6
1335 5 100000 53598.4
1335 6 100000 77396.7
1335 7 100000 124388.1
1335 8 100000 121644.5
1335 9 100000 121981.4
1335 10 100000 118300.3
1360 0 100000 73348.8
1360 1 100000 40484.8
1360 2 100000 27165.6
1360 3 100000 33718.1
1360 4 100000 44552.9
1360 5 100000 53985.2
1360 6 100000 76331.1
1360 7 100000 124758.9
1360 8 100000 123198.7
1360 9 100000 119513.3
1360 10 100000 132765.3
1385 0 100000 73018.4
1385 1 100000 40842.4
1385 2 100000 27663.1
1385 3 100000 34972.0
1385 4 100000 45753.4
1385 5 100000 53321.7
1385 6 100000 77705.9
1385 7 100000 123768.2
1385 8 100000 121793.5
1385 9 100000 122670.3
1385 10 100000 121556.6
1410 0 100000 73127.8
1410 1 100000 40089.3
1410 2 100000 29135.4
1410 3 100000 32836.3
1410 4 100000 43359.1
1410 5 100000 54124.1
1410 6 100000 78064.9
1410 7 100000 120166.9
1410 8 100000 123343.8
1410 9 100000 121550.7
1410 10 100000 124591.5
1435 0 100000 72959.9
1435 1 100000 40265.9
1435 2 100000 28729.0
1435 3 100000 35175.0
1435 4 100000 44382.2
1435 5 100000 53252.1
1435 6 100000 73814.9
1435 7 100000 121178.6
1435 8 100000 120761.2
1435 9 100000 122342.3
1435 10 100000 122520.5
1460 0 100000 72822.9
1460 1 100000 40437.4
1460 2 100000 27845.5
1460 3 100000 34406.8
1460 4 100000 45121.9
1460 5 100000 54295.4
1460 6 100000 77753.7
1460 7 100000 127249.6
1460 8 100000 123901.2
1460 9 100000 121538.0
1460 10 100000 125628.7
1485 0 100000 73306.8
1485 1 100000 41013.7
1485 2 100000 28476.0
1485 3 100000 34081.5
1485 4 100000 44485.9
1485 5 100000 54577.5
1485 6 100000 73674.5
1485 7 100000 123666.2
1485 8 100000 119720.6
1485 9 100000 120827.8
1485 10 100000 125106.7
1510 0 100000 73107.5
1510 1 100000 40925.1
1510 2 100000 27126.1
1510 3 100000 34852.7
1510 4 100000 45296.8
1510 5 100000 55594.8
1510 6 100000 75603.8
1510 7 100000 122746.7
1510 8 100000 121251.1
1510 9 100000 127877.6
1510 10 100000 122059.7
1535 0 100000 73181.5
1535 1 100000 40400.5
1535 2 100000 28012.7
1535 3 100000 33547.1
1535 4 100000 43952.2
1535 5 100000 52538.0
1535 6 100000 74467.1
1535 7 100000 122977.3
1535 8 100000 119844.1
1535 9 100000 119592.2
1535 10 100000 121936.7
1560 0 100000 73241.9
1560 1 100000 40564.7
1560 2 100000 27251.8
1560 3 100000 34065.0
1560 4 100000 44770.0
1560 5 100000 54938.7
1560 6 100000 76587.3
1560 7 100000 131760.0
1560 8 100000 122160.3
1560 9 100000 128859.5
1560 10 100000 118323.3
1585 0 100000 133861.7
1585 1 100000 71734.0
1585 2 100000 43622.0
1585 3 100000 51827.5
1585 4 100000 64272.5
1585 5 100000 68111.0
1585 6 100000 90227.2
1585 7 100000 88326.2
1585 8 100000 89284.8
1585 9 100000 90787.1
1585 10 100000 86680.3
1610 0 100000 133896.8
1610 1 100000 70932.4
1610 2 100000 44628.8
1610 3 100000 50872.7
1610 4 100000 53565.5
1610 5 100000 56571.6
1610 6 100000 61773.7
1610 7 100000 62567.8
1610 8 100000 60947.4
1610 9 100000 60151.9
1610 10 100000 61452.9
1635 0 100000 133551.8
1635 1 100000 71084.2
1635 2 100000 43860.3
1635 3 100000 49841.2
1635 4 100000 51861.5
1635 5 100000 56476.5
1635 6 100000 62747.5
1635 7 100000 59833.9
1635 8 100000 60016.3
1635 9 100000 61773.2
1635 10 100000 61478.4
1660 0 100000 133764.1
1660 1 100000 71048.8
1660 2 100000 46340.9
1660 3 100000 50450.1
1660 4 100000 53980.0
1660 5 100000 56219.2
1660 6 100000 61501.0
1660 7 100000 62850.4
1660 8 100000 62269.3
1660 9 100000 63224.2
1660 10 100000 60045.6
1685 0 100000 134347.0
1685 1 100000 70881.8
1685 2 100000 42965.4
1685 3 100000 50614.1
1685 4 100000 53435.4
1685 5 100000 55418.5
1685 6 100000 61218.6
1685 7 100000 63060.1
1685 8 100000 60684.9
1685 9 100000 60761.0
1685 10 100000 59839.8
1710 0 100000 134096.1
1710 1 100000 71068.1
1710 2 100000 43407.7
1710 3 100000 49758.6
1710 4 100000 52905.2
1710 5 100000 54938.3
1710 6 100000 62826.9
1710 7 100000 61833.4
1710 8 100000 60729.5
1710 9 100000 61976.2
1710 10 100000 62031.3
1735 0 100000 134118.5
1735 1 100000 71070.9
1735 2 100000 42948.1
1735 3 100000 52246.1
1735 4 100000 53831.5
1735 5 100000 54203.2
1735 6 100000 62054.5
1735 7 100000 62642.1
1735 8 100000 60962.8
1735 9 100000 60686.6
1735 10 100000 62542.0
1760 0 100000 133961.6
1760 1 100000 71290.5
1760 2 100000 42769.0
1760 3 100000 50018.4
1760 4 100000 55052.0
1760 5 100000 57024.4
1760 6 100000 61839.8
1760 7 100000 61835.6
1760 8 100000 60810.4
1760 9 100000 60375.2
1760 10 100000 62093.8
1785 0 100000 133533.4
1785 1 100000 70946.1
1785 2 100000 44497.3
1785 3 100000 49644.1
1785 4 100000 52214.2
1785 5 100000 55709.2
1785 6 100000 61926.8
1785 7 100000 62337.9
1785 8 100000 60873.1
1785 9 100000 62201.0
1785 10 100000 60523.4
1810 0 100000 134133.0
1810 1 100000 71157.3
1810 2 100000 44593.6
1810 3 100000 50706.4
1810 4 100000 50877.3
1810 5 100000 57110.5
1810 6 100000 60444.5
1810 7 100000 57749.1
1810 8 100000 62406.4
1810 9 100000 61606.6
1810 10 100000 62440.4
1835 0 100000 133875.0
1835 1 100000 71073.3
1835 2 100000 44147.4
1835 3 100000 49233.7
1835 4 100000 53754.4
1835 5 100000 55180.0
1835 6 100000 62770.3
1835 7 100000 64124.8
1835 8 100000 65434.7
1835 9 100000 66064.2
1835 10 100000 66396.0
1860 0 100000 133452.2
1860 1 100000 70852.6
1860 2 100000 42937.7
1860 3 100000 50771.1
1860 4 100000 52773.3
1860 5 100000 56127.4
1860 6 100000 66076.6
1860 7 100000 70645.5
1860 8 100000 68390.6
1860 9 100000 70038.0
1860 10 100000 71894.3
1885 0 100000 133774.8
1885 1 100000 71184.1
1885 2 100000 43813.1
1885 3 100000 48271.6
1885 4 100000 53715.7
1885 5 100000 56188.5
1885 6 100000 74916.9
1885 7 100000 74828.2
1885 8 100000 73304.9
1885 9 100000 73791.9
1885 10 100000 71846.2
1910 0 100000 133566.1
1910 1 100000 71280.4
1910 2 100000 43354.5
1910 3 100000 50244.4
1910 4 100000 53932.7
1910 5 100000 60470.6
1910 6 100000 77445.9
1910 7 100000 81841.0
1910 8 100000 82581.9
1910 9 100000 76513.1
1910 10 100000 75319.7
1935 0 100000 133828.9
1935 1 100000 71061.6
1935 2 100000 44766.3
1935 3 100000 50811.5
1935 4 100000 54377.2
1935 5 100000 64355.3
1935 6 100000 82795.2
1935 7 100000 80264.6
1935 8 100000 86275.0
1935 9 100000 85165.9
1935 10 100000 84850.9
1960 0 100000 133566.6
1960 1 100000 71154.5
1960 2 100000 43335.7
1960 3 100000 51183.1
1960 4 100000 59907.7
1960 5 100000 68711.4
1960 6 100000 86676.2
1960 7 100000 81888.7
1960 8 100000 86100.5
1960 9 100000 81643.1
1960 10 100000 80365.2
1985 0 100000 133490.6
1985 1 100000 70758.1
1985 2 100000 44000.0
1985 3 100000 48939.6
1985 4 100000 56719.6
1985 5 100000 65819.4
1985 6 100000 82869.5
1985 7 100000 88492.0
1985 8 100000 84821.4
1985 9 100000 85528.0
1985 10 100000 85435.8
2010 0 100000 133799.5
2010 1 100000 70795.9
2010 2 100000 43513.3
2010 3 100000 51333.6
2010 4 100000 62449.1
2010 5 100000 70055.7
2010 6 100000 88315.7
2010 7 100000 90187.2
2010 8 100000 87441.8
2010 9 100000 86823.6
2010 10 100000 87481.9
10 0 1000000 450104.7
10 1 1000000 714702.6
10 2 1000000 623612.1
10 3 1000000 571296.2
10 4 1000000 548453.9
10 5 1000000 551924.5
10 6 1000000 593072.2
10 7 1000000 625385.4
10 8 1000000 697505.4
10 9 1000000 853969.6
10 10 1000000 178497.1
35 0 1000000 239839.4
35 1 1000000 205003.3
35 2 1000000 184921.1
35 3 1000000 173730.3
35 4 1000000 176989.9
35 5 1000000 196744.5
35 6 1000000 241701.3
35 7 1000000 298417.1
35 8 1000000 381725.9
35 9 1000000 551576.1
35 10 1000000 874837.2
60 0 1000000 239394.3
60 1 1000000 209942.5
60 2 1000000 186040.3
60 3 1000000 176978.2
60 4 1000000 177488.5
60 5 1000000 200505.4
60 6 1000000 239244.5
60 7 1000000 299681.3
60 8 1000000 379642.1
60 9 1000000 547560.8
60 10 1000000 850064.1
85 0 1000000 221240.4
85 1 1000000 147848.4
85 2 1000000 119457.6
85 3 1000000 120291.8
85 4 1000000 125389.9
85 5 1000000 152896.0
85 6 1000000 187650.1
85 7 1000000 252461.3
85 8 1000000 338175.9
85 9 1000000 519966.7
85 10 1000000 790663.7
110 0 1000000 221103.6
110 1 1000000 147240.1
110 2 1000000 118447.7
110 3 1000000 118936.0
110 4 1000000 125361.9
110 5 1000000 149841.6
110 6 1000000 191845.2
110 7 1000000 249240.8
110 8 1000000 340069.7
110 9 1000000 509490.9
110 10 1000000 801107.8
135 0 1000000 243555.3
135 1 1000000 141523.1
135 2 1000000 101057.8
135 3 1000000 106210.7
135 4 1000000 117437.7
135 5 1000000 141988.2
135 6 1000000 180636.4
135 7 1000000 247177.4
135 8 1000000 324585.5
135 9 1000000 507795.3
135 10 1000000 812369.8
160 0 1000000 243408.3
160 1 1000000 141870.6
160 2 1000000 104248.5
160 3 1000000 107564.8
160 4 1000000 118549.1
160 5 1000000 144288.9
160 6 1000000 180891.5
160 7 1000000 243199.4
160 8 1000000 335076.5
160 9 1000000 519344.5
160 10 1000000 821375.9
185 0 1000000 244418.7
185 1 1000000 141337.7
185 2 1000000 99337.3
185 3 1000000 104782.0
185 4 1000000 106791.7
185 5 1000000 123481.9
185 6 1000000 165682.4
185 7 1000000 229932.3
185 8 1000000 308594.9
185 9 1000000 480209.4
185 10 1000000 782333.5
210 0 1000000 243758.0
210 1 1000000 141929.5
210 2 1000000 99039.2
210 3 1000000 104390.6
210 4 1000000 109280.0
210 5 1000000 115632.0
210 6 1000000 149925.0
210 7 1000000 219496.5
210 8 1000000 302623.5
210 9 1000000 488037.9
210 10 1000000 782577.2
235 0 1000000 243949.7
235 1 1000000 141933.3
235 2 1000000 97979.2
235 3 1000000 102920.1
235 4 1000000 108165.4
235 5 1000000 132530.1
235 6 1000000 172390.2
235 7 1000000 238480.9
235 8 1000000 324708.4
235 9 1000000 502705.3
235 10 1000000 795162.5
260 0 1000000 321833.3
260 1 1000000 176751.7
260 2 1000000 113199.1
260 3 1000000 121443.6
260 4 1000000 127617.6
260 5 1000000 157012.5
260 6 1000000 191226.8
260 7 1000000 253649.6
260 8 1000000 342713.2
260 9 1000000 519630.2
260 10 1000000 802771.2
285 0 1000000 322650.2
285 1 1000000 177214.4
285 2 1000000 113306.7
285 3 1000000 120441.0
285 4 1000000 128069.8
285 5 1000000 154947.5
285 6 1000000 192158.5
285 7 1000000 250651.6
285 8 1000000 335561.5
285 9 1000000 508865.9
285 10 1000000 779838.6
310 0 1000000 322526.0
310 1 1000000 177313.5
310 2 1000000 113624.0
310 3 1000000 120603.3
310 4 1000000 126159.4
310 5 1000000 150474.9
310 6 1000000 189297.1
310 7 1000000 255713.0
310 8 1000000 335631.4
310 9 1000000 509936.2
310 10 1000000 802076.9
335 0 1000000 321901.5
335 1 1000000 177075.5
335 2 1000000 118454.7
335 3 1000000 122267.4
335 4 1000000 132173.2
335 5 1000000 153338.6
335 6 1000000 192220.4
335 7 1000000 257707.8
335 8 1000000 346592.6
335 9 1000000 509873.6
335 10 1000000 822283.8
360 0 1000000 322275.6
360 1 1000000 176646.0
360 2 1000000 115491.8
360 3 1000000 120972.5
360 4 1000000 131707.8
360 5 1000000 160967.8
360 6 1000000 195721.2
360 7 1000000 261587.4
360 8 1000000 338585.3
360 9 1000000 525471.9
360 10 1000000 806097.4
385 0 1000000 322266.2
385 1 1000000 178854.6
385 2 1000000 115843.7
385 3 1000000 126775.7
385 4 1000000 135709.5
385 5 1000000 159015.6
385 6 1000000 197618.2
385 7 1000000 264213.8
385 8 1000000 352867.9
385 9 1000000 520600.4
385 10 1000000 801770.3
410 0 1000000 321986.1
410 1 1000000 178421.6
410 2 1000000 115766.1
410 3 1000000 123969.0
410 4 1000000 137733.2
410 5 1000000 160620.0
410 6 1000000 201580.4
410 7 1000000 264046.8
410 8 1000000 358596.2
410 9 1000000 530636.9
410 10 1000000 807289.3
435 0 1000000 324028.7
435 1 1000000 181158.9
435 2 1000000 119313.3
435 3 1000000 127571.7
435 4 1000000 138577.4
435 5 1000000 157745.6
435 6 1000000 195349.5
435 7 1000000 260015.7
435 8 1000000 341903.5
435 9 1000000 517021.8
435 10 1000000 801945.0
460 0 1000000 322128.9
460 1 1000000 177136.5
460 2 1000000 114237.0
460 3 1000000 121054.2
460 4 1000000 130162.5
460 5 1000000 153829.9
460 6 1000000 194797.8
460 7 1000000 259872.7
460 8 1000000 346360.1
460 9 1000000 526522.8
460 10 1000000 815514.4
485 0 1000000 321855.1
485 1 1000000 176826.1
485 2 1000000 112346.7
485 3 1000000 122645.0
485 4 1000000 131197.8
485 5 1000000 157676.6
485 6 1000000 194545.8
485 7 1000000 260396.6
485 8 1000000 347984.1
485 9 1000000 512591.4
485 10 1000000 791616.5
510 0 1000000 501297.1
510 1 1000000 265508.2
510 2 1000000 159691.3
510 3 1000000 170472.5
510 4 1000000 181563.6
510 5 1000000 201137.7
510 6 1000000 237868.2
510 7 1000000 299835.3
510 8 1000000 384846.9
510 9 1000000 563733.4
510 10 1000000 856927.3
535 0 1000000 501730.2
535 1 1000000 266865.5
535 2 1000000 164418.9
535 3 1000000 170259.1
535 4 1000000 181808.1
535 5 1000000 198433.2
535 6 1000000 238304.5
535 7 1000000 298869.3
535 8 1000000 384202.2
535 9 1000000 562190.4
535 10 1000000 822129.4
560 0 1000000 500103.6
560 1 1000000 265621.5
560 2 1000000 161609.1
560 3 1000000 170040.3
560 4 1000000 179022.3
560 5 1000000 199729.2
560 6 1000000 237706.2
560 7 1000000 293812.8
560 8 1000000 385656.9
560 9 1000000 564347.4
560 10 1000000 838331.3
585 0 1000000 500516.7
585 1 1000000 265811.5
585 2 1000000 161027.3
585 3 1000000 171366.8
585 4 1000000 181120.7
585 5 1000000 201748.1
585 6 1000000 237656.4
585 7 1000000 300752.3
585 8 1000000 390313.7
585 9 1000000 551482.3
585 10 1000000 844476.3
610 0 1000000 501048.8
610 1 1000000 265582.6
610 2 1000000 161521.1
610 3 1000000 171479.3
610 4 1000000 181107.7
610 5 1000000 203485.9
610 6 1000000 237213.6
610 7 1000000 302752.0
610 8 1000000 395624.8
610 9 1000000 560355.0
610 10 1000000 833734.2
635 0 1000000 502524.4
635 1 1000000 266065.3
635 2 1000000 165654.7
635 3 1000000 172537.3
635 4 1000000 179044.1
635 5 1000000 199152.5
635 6 1000000 240468.1
635 7 1000000 298419.5
635 8 1000000 385850.6
635 9 1000000 566159.2
635 10 1000000 837724.3
660 0 1000000 500578.6
660 1 1000000 265699.1
660 2 1000000 161554.9
660 3 1000000 171585.4
660 4 1000000 179456.2
660 5 1000000 202143.6
660 6 1000000 237597.5
660 7 1000000 299886.3
660 8 1000000 389832.7
660 9 1000000 559022.8
660 10 1000000 861246.9
685 0 1000000 501235.4
685 1 1000000 265227.1
685 2 1000000 160305.4
685 3 1000000 173358.5
685 4 1000000 184742.2
685 5 1000000 203402.8
685 6 1000000 237654.8
685 7 1000000 302457.0
685 8 1000000 390124.4
685 9 1000000 565324.2
685 10 1000000 852764.2
710 0 1000000 501245.5
710 1 1000000 268027.1
710 2 1000000 164765.7
710 3 1000000 175974.1
710 4 1000000 185984.0
710 5 1000000 205784.0
710 6 1000000 238759.2
710 7 1000000 301046.5
710 8 1000000 398210.2
710 9 1000000 566500.1
710 10 1000000 838533.0
735 0 1000000 500434.7
735 1 1000000 265479.2
735 2 1000000 167285.5
735 3 1000000 172796.9
735 4 1000000 183347.6
735 5 1000000 199625.7
735 6 1000000 237672.0
735 7 1000000 304096.5
735 8 1000000 394533.6
735 9 1000000 560568.8
735 10 1000000 864604.5
760 0 1000000 500728.9
760 1 1000000 265901.1
760 2 1000000 161999.5
760 3 1000000 171222.3
760 4 1000000 181631.4
760 5 1000000 200522.1
760 6 1000000 236126.9
760 7 1000000 300395.7
760 8 1000000 388750.6
760 9 1000000 562581.2
760 10 1000000 855998.5
785 0 1000000 500304.9
785 1 1000000 265452.5
785 2 1000000 161764.9
785 3 1000000 172180.6
785 4 1000000 181669.6
785 5 1000000 204391.9
785 6 1000000 243197.3
785 7 1000000 299127.4
785 8 1000000 386562.5
785 9 1000000 556286.0
785 10 1000000 838112.5
810 0 1000000 500477.8
810 1 1000000 265383.4
810 2 1000000 163489.7
810 3 1000000 172963.6
810 4 1000000 180538.8
810 5 1000000 202756.4
810 6 1000000 244374.4
810 7 1000000 310523.9
810 8 1000000 397548.1
810 9 1000000 576009.3
810 10 1000000 866843.4
835 0 1000000 505214.7
835 1 1000000 271613.8
835 2 1000000 166589.4
835 3 1000000 176224.5
835 4 1000000 186643.9
835 5 1000000 208731.5
835 6 1000000 245769.7
835 7 1000000 305754.3
835 8 1000000 398213.0
835 9 1000000 577341.6
835 10 1000000 851539.8
860 0 1000000 503593.6
860 1 1000000 271300.3
860 2 1000000 168744.2
860 3 1000000 178604.9
860 4 1000000 190024.3
860 5 1000000 206608.6
860 6 1000000 244629.1
860 7 1000000 309860.8
860 8 1000000 398692.6
860 9 1000000 550623.8
860 10 1000000 865880.3
885 0 1000000 503519.9
885 1 1000000 271033.0
885 2 1000000 167749.4
885 3 1000000 178547.3
885 4 1000000 186314.6
885 5 1000000 206223.5
885 6 1000000 244776.0
885 7 1000000 305351.0
885 8 1000000 395866.6
885 9 1000000 557510.2
885 10 1000000 845386.6
910 0 1000000 504251.2
910 1 1000000 271782.1
910 2 1000000 169919.0
910 3 1000000 175550.9
910 4 1000000 190004.9
910 5 1000000 207942.0
910 6 1000000 242350.9
910 7 1000000 301972.2
910 8 1000000 396990.4
910 9 1000000 569323.1
910 10 1000000 834516.0
935 0 1000000 504801.9
935 1 1000000 272255.9
935 2 1000000 170958.5
935 3 1000000 176367.7
935 4 1000000 187876.4
935 5 1000000 208997.1
935 6 1000000 248317.8
935 7 1000000 306600.2
935 8 1000000 398383.8
935 9 1000000 562964.7
935 10 1000000 851522.9
960 0 1000000 504317.5
960 1 1000000 272053.2
960 2 1000000 170120.8
960 3 1000000 176138.6
960 4 1000000 190027.1
960 5 1000000 209630.9
960 6 1000000 185727.0
960 7 1000000 200637.4
960 8 1000000 233181.9
960 9 1000000 380399.4
960 10 1000000 592921.9
985 0 1000000 873253.3
985 1 1000000 453263.5
985 2 1000000 264512.8
985 3 1000000 279299.8
985 4 1000000 270367.0
985 5 1000000 274035.2
985 6 1000000 283096.9
985 7 1000000 295669.1
985 8 1000000 335612.9
985 9 1000000 480096.3
985 10 1000000 671421.3
1010 0 1000000 873088.1
1010 1 1000000 452804.1
1010 2 1000000 262716.4
1010 3 1000000 272653.4
1010 4 1000000 273154.0
1010 5 1000000 273622.9
1010 6 1000000 285952.5
1010 7 1000000 296172.3
1010 8 1000000 342316.7
1010 9 1000000 481631.5
1010 10 1000000 649901.5
1035 0 1000000 873467.1
1035 1 1000000 452278.4
1035 2 1000000 269898.3
1035 3 1000000 275945.6
1035 4 1000000 270224.1
1035 5 1000000 273212.7
1035 6 1000000 284171.3
1035 7 1000000 297682.6
1035 8 1000000 365337.3
1035 9 1000000 483858.6
1035 10 1000000 685068.6
1060 0 1000000 874348.6
1060 1 1000000 452357.4
1060 2 1000000 266644.6
1060 3 1000000 275070.7
1060 4 1000000 272253.0
1060 5 1000000 275349.6
1060 6 1000000 284069.3
1060 7 1000000 312660.7
1060 8 1000000 393180.7
1060 9 1000000 496878.3
1060 10 1000000 709749.8
1085 0 1000000 874112.4
1085 1 1000000 452688.1
1085 2 1000000 264541.4
1085 3 1000000 271847.1
1085 4 1000000 271555.6
1085 5 1000000 273861.3
1085 6 1000000 296423.2
1085 7 1000000 347035.2
1085 8 1000000 412824.3
1085 9 1000000 521832.4
1085 10 1000000 727761.2
1110 0 1000000 873284.5
1110 1 1000000 452460.8
1110 2 1000000 263328.2
1110 3 1000000 271453.0
1110 4 1000000 277621.8
1110 5 1000000 290793.6
1110 6 1000000 317273.6
1110 7 1000000 355541.2
1110 8 1000000 422681.9
1110 9 1000000 532418.5
1110 10 1000000 723893.0
1135 0 1000000 873339.9
1135 1 1000000 452135.4
1135 2 1000000 267350.1
1135 3 1000000 278417.6
1135 4 1000000 280237.4
1135 5 1000000 292745.4
1135 6 1000000 321206.9
1135 7 1000000 357098.0
1135 8 1000000 423640.1
1135 9 1000000 543875.3
1135 10 1000000 731517.9
1160 0 1000000 873512.5
1160 1 1000000 452543.5
1160 2 1000000 267350.2
1160 3 1000000 274451.1
1160 4 1000000 272067.1
1160 5 1000000 294620.5
1160 6 1000000 319992.8
1160 7 1000000 359597.6
1160 8 1000000 427371.4
1160 9 1000000 537427.0
1160 10 1000000 733325.0
1185 0 1000000 876384.6
1185 1 1000000 464262.1
1185 2 1000000 281935.7
1185 3 1000000 291767.2
1185 4 1000000 299465.7
1185 5 1000000 343731.6
1185 6 1000000 361572.1
1185 7 1000000 384249.2
1185 8 1000000 443065.6
1185 9 1000000 565678.7
1185 10 1000000 779293.1
1210 0 1000000 897262.9
1210 1 1000000 471045.6
1210 2 1000000 290567.0
1210 3 1000000 290427.3
1210 4 1000000 293937.0
1210 5 1000000 302813.7
1210 6 1000000 329020.9
1210 7 1000000 374409.6
1210 8 1000000 440167.1
1210 9 1000000 574531.8
1210 10 1000000 775659.9
1235 0 1000000 893562.9
1235 1 1000000 466635.2
1235 2 1000000 280587.5
1235 3 1000000 288796.9
1235 4 1000000 300758.1
1235 5 1000000 306674.1
1235 6 1000000 344238.5
1235 7 1000000 405269.2
1235 8 1000000 488329.7
1235 9 1000000 665893.9
1235 10 1000000 858823.0
1260 0 1000000 893133.9
1260 1 1000000 464922.7
1260 2 1000000 277130.9
1260 3 1000000 282832.4
1260 4 1000000 289246.9
1260 5 1000000 376228.6
1260 6 1000000 388329.4
1260 7 1000000 420267.9
1260 8 1000000 494649.2
1260 9 1000000 641020.8
1260 10 1000000 782921.7
1285 0 1000000 895668.2
1285 1 1000000 464477.7
1285 2 1000000 294092.6
1285 3 1000000 292423.4
1285 4 1000000 295969.2
1285 5 1000000 340675.5
1285 6 1000000 370221.1
1285 7 1000000 408818.4
1285 8 1000000 527546.0
1285 9 1000000 655010.8
1285 10 1000000 752069.0
1310 0 1000000 894634.8
1310 1 1000000 468373.5
1310 2 1000000 274706.3
1310 3 1000000 283909.3
1310 4 1000000 284758.6
1310 5 1000000 301471.9
1310 6 1000000 367717.7
1310 7 1000000 459594.0
1310 8 1000000 552480.6
1310 9 1000000 674048.0
1310 10 1000000 509723.5
1335 0 1000000 897913.2
1335 1 1000000 464685.5
1335 2 1000000 273559.5
1335 3 1000000 281547.2
1335 4 1000000 281027.9
1335 5 1000000 297459.8
1335 6 1000000 342782.1
1335 7 1000000 403945.7
1335 8 1000000 494062.9
1335 9 1000000 676368.4
1335 10 1000000 373885.4
1360 0 1000000 895760.2
1360 1 1000000 465928.1
1360 2 1000000 281089.7
1360 3 1000000 292683.9
1360 4 1000000 298542.8
1360 5 1000000 312459.6
1360 6 1000000 353926.4
1360 7 1000000 406224.0
1360 8 1000000 485251.8
1360 9 1000000 665233.1
1360 10 1000000 950763.8
1385 0 1000000 896153.7
1385 1 1000000 468070.9
1385 2 1000000 286881.9
1385 3 1000000 287531.0
1385 4 1000000 299776.9
1385 5 1000000 306702.2
1385 6 1000000 352664.0
1385 7 1000000 406503.2
1385 8 1000000 486616.5
1385 9 1000000 658584.9
1385 10 1000000 950209.0
1410 0 1000000 895184.8
1410 1 1000000 471118.5
1410 2 1000000 287224.1
1410 3 1000000 288802.4
1410 4 1000000 297339.1
1410 5 1000000 315530.4
1410 6 1000000 353183.9
1410 7 1000000 408336.6
1410 8 1000000 500975.4
1410 9 1000000 665145.5
1410 10 1000000 838905.1
1435 0 1000000 898588.2
1435 1 1000000 472948.6
1435 2 1000000 298395.1
1435 3 1000000 297192.8
1435 4 1000000 297866.0
1435 5 1000000 322149.1
1435 6 1000000 355412.8
1435 7 1000000 411936.4
1435 8 1000000 501903.7
1435 9 1000000 657980.1
1435 10 1000000 952247.1
1460 0 1000000 897339.6
1460 1 1000000 472405.4
1460 2 1000000 281403.6
1460 3 1000000 289818.0
1460 4 1000000 300342.6
1460 5 1000000 312453.0
1460 6 1000000 349217.9
1460 7 1000000 409893.6
1460 8 1000000 495189.2
1460 9 1000000 656483.6
1460 10 1000000 951674.3
1485 0 1000000 898647.9
1485 1 1000000 470173.1
1485 2 1000000 284958.4
1485 3 1000000 291732.8
1485 4 1000000 299591.1
1485 5 1000000 315664.8
1485 6 1000000 346535.0
1485 7 1000000 411067.4
1485 8 1000000 497755.3
1485 9 1000000 659968.5
1485 10 1000000 849020.5
1510 0 1000000 906695.0
1510 1 1000000 477192.1
1510 2 1000000 316035.5
1510 3 1000000 316031.6
1510 4 1000000 285856.3
1510 5 1000000 360234.2
1510 6 1000000 346203.4
1510 7 1000000 418530.0
1510 8 1000000 481984.4
1510 9 1000000 637615.9
1510 10 1000000 474070.2
1535 0 1000000 891932.9
1535 1 1000000 473027.5
1535 2 1000000 286155.7
1535 3 1000000 304798.5
1535 4 1000000 295811.0
1535 5 1000000 308910.4
1535 6 1000000 342895.0
1535 7 1000000 403442.1
1535 8 1000000 479671.3
1535 9 1000000 641186.3
1535 10 1000000 929922.1
1560 0 1000000 892422.3
1560 1 1000000 463955.7
1560 2 1000000 327896.1
1560 3 1000000 291549.3
1560 4 1000000 298152.6
1560 5 1000000 309490.3
1560 6 1000000 342631.5
1560 7 1000000 413720.1
1560 8 1000000 492655.6
1560 9 1000000 669326.3
1560 10 1000000 653482.4
1585 0 1000000 893577.4
1585 1 1000000 463807.5
1585 2 1000000 288262.8
1585 3 1000000 289187.9
1585 4 1000000 294151.4
1585 5 1000000 329742.1
1585 6 1000000 346022.5
1585 7 1000000 410262.8
1585 8 1000000 495697.7
1585 9 1000000 677590.4
1585 10 1000000 516156.5
1610 0 1000000 903127.2
1610 1 1000000 472973.0
1610 2 1000000 289677.5
1610 3 1000000 279609.2
1610 4 1000000 294267.6
1610 5 1000000 303285.5
1610 6 1000000 340591.6
1610 7 1000000 410740.4
1610 8 1000000 520118.9
1610 9 1000000 666391.0
1610 10 1000000 863777.3
1635 0 1000000 887586.7
1635 1 1000000 462600.1
1635 2 1000000 266794.8
1635 3 1000000 276486.9
1635 4 1000000 274009.4
1635 5 1000000 276212.1
1635 6 1000000 290749.2
1635 7 1000000 345825.8
1635 8 1000000 441139.3
1635 9 1000000 603714.1
1635 10 1000000 867923.0
1660 0 1000000 891893.1
1660 1 1000000 464628.4
1660 2 1000000 286626.9
1660 3 1000000 275889.0
1660 4 1000000 280455.9
1660 5 1000000 293624.3
1660 6 1000000 348682.5
1660 7 1000000 397773.1
1660 8 1000000 498614.1
1660 9 1000000 569571.7
1660 10 1000000 791629.6
1685 0 1000000 857189.7
1685 1 1000000 442048.1
1685 2 1000000 249528.8
1685 3 1000000 266638.9
1685 4 1000000 264963.4
1685 5 1000000 263041.8
1685 6 1000000 273362.8
1685 7 1000000 290986.6
1685 8 1000000 379754.7
1685 9 1000000 531971.4
1685 10 1000000 809403.2
1710 0 1000000 855828.3
1710 1 1000000 442232.5
1710 2 1000000 250290.4
1710 3 1000000 268218.7
1710 4 1000000 265240.3
1710 5 1000000 262370.1
1710 6 1000000 274037.2
1710 7 1000000 292565.7
1710 8 1000000 401513.3
1710 9 1000000 537886.6
1710 10 1000000 796288.4
1735 0 1000000 856137.9
1735 1 1000000 442184.5
1735 2 1000000 249936.1
1735 3 1000000 267610.2
1735 4 1000000 260972.4
1735 5 1000000 265379.7
1735 6 1000000 275575.6
1735 7 1000000 296668.8
1735 8 1000000 394035.2
1735 9 1000000 550978.4
1735 10 1000000 820023.9
1760 0 1000000 855633.5
1760 1 1000000 441654.5
1760 2 1000000 249494.9
1760 3 1000000 266592.1
1760 4 1000000 263434.7
1760 5 1000000 263586.8
1760 6 1000000 272960.3
1760 7 1000000 295355.3
1760 8 1000000 397028.7
1760 9 1000000 547257.7
1760 10 1000000 812332.8
1785 0 1000000 856246.3
1785 1 1000000 441916.6
1785 2 1000000 249572.3
1785 3 1000000 269583.1
1785 4 1000000 262694.9
1785 5 1000000 263454.5
1785 6 1000000 273099.0
1785 7 1000000 300998.1
1785 8 1000000 397801.6
1785 9 1000000 547657.3
1785 10 1000000 814414.6
1810 0 1000000 856157.4
1810 1 1000000 442185.7
1810 2 1000000 249029.7
1810 3 1000000 265268.8
1810 4 1000000 260804.9
1810 5 1000000 263450.9
1810 6 1000000 274917.3
1810 7 1000000 299701.2
1810 8 1000000 405123.0
1810 9 1000000 549944.2
1810 10 1000000 814908.6
1835 0 1000000 856451.2
1835 1 1000000 442015.4
1835 2 1000000 249829.3
1835 3 1000000 267720.8
1835 4 1000000 260031.7
1835 5 1000000 263590.7
1835 6 1000000 274247.2
1835 7 1000000 299114.5
1835 8 1000000 404181.8
1835 9 1000000 550196.5
1835 10 1000000 792641.4
1860 0 1000000 855926.8
1860 1 1000000 442114.4
1860 2 1000000 249851.6
1860 3 1000000 265344.1
1860 4 1000000 263897.8
1860 5 1000000 264314.3
1860 6 1000000 271162.9
1860 7 1000000 301297.3
1860 8 1000000 411270.8
1860 9 1000000 546119.8
1860 10 1000000 825930.0
1885 0 1000000 856068.0
1885 1 1000000 441406.9
1885 2 1000000 249358.7
1885 3 1000000 268426.5
1885 4 1000000 262630.1
1885 5 1000000 263405.8
1885 6 1000000 277799.5
1885 7 1000000 307867.7
1885 8 1000000 397683.1
1885 9 1000000 552153.0
1885 10 1000000 814551.8
1910 0 1000000 856079.3
1910 1 1000000 443149.2
1910 2 1000000 250441.7
1910 3 1000000 262696.5
1910 4 1000000 263211.4
1910 5 1000000 263498.4
1910 6 1000000 274570.6
1910 7 1000000 313629.9
1910 8 1000000 402942.3
1910 9 1000000 541483.4
1910 10 1000000 806119.4
1935 0 1000000 855700.3
1935 1 1000000 441874.1
1935 2 1000000 251860.3
1935 3 1000000 265435.3
1935 4 1000000 260871.8
1935 5 1000000 262347.8
1935 6 1000000 272530.9
1935 7 1000000 301199.8
1935 8 1000000 403893.9
1935 9 1000000 538356.3
1935 10 1000000 802874.8
1960 0 1000000 599954.3
1960 1 1000000 814682.7
1960 2 1000000 450129.6
1960 3 1000000 466374.8
1960 4 1000000 458779.4
1960 5 1000000 458710.5
1960 6 1000000 467326.9
1960 7 1000000 498994.1
1960 8 1000000 557439.8
1960 9 1000000 690912.7
1960 10 1000000 693031.5
1985 0 1000000 598621.4
1985 1 1000000 814425.3
1985 2 1000000 447356.9
1985 3 1000000 465061.2
1985 4 1000000 460632.0
1985 5 1000000 460931.8
1985 6 1000000 466782.9
1985 7 1000000 502999.1
1985 8 1000000 566799.4
1985 9 1000000 686258.7
1985 10 1000000 682326.7
2010 0 1000000 599531.7
2010 1 1000000 813649.1
2010 2 1000000 448130.3
2010 3 1000000 467085.3
2010 4 1000000 460211.7
2010 5 1000000 459894.6
2010 6 1000000 469299.1
2010 7 1000000 507282.8
2010 8 1000000 575478.1
2010 9 1000000 696781.5
2010 10 1000000 694855.1
