10 0 1000000 450104.7
10 1 1000000 714702.6
10 2 1000000 623612.1
10 3 1000000 571296.2
10 4 1000000 548453.9
10 5 1000000 551924.5
10 6 1000000 593072.2
10 7 1000000 625385.4
10 8 1000000 697505.4
10 9 1000000 853969.6
10 10 1000000 178497.1
35 0 1000000 239839.4
35 1 1000000 205003.3
35 2 1000000 184921.1
35 3 1000000 173730.3
35 4 1000000 176989.9
35 5 1000000 196744.5
35 6 1000000 241701.3
35 7 1000000 298417.1
35 8 1000000 381725.9
35 9 1000000 551576.1
35 10 1000000 874837.2
60 0 1000000 239394.3
60 1 1000000 209942.5
60 2 1000000 186040.3
60 3 1000000 176978.2
60 4 1000000 177488.5
60 5 1000000 200505.4
60 6 1000000 239244.5
60 7 1000000 299681.3
60 8 1000000 379642.1
60 9 1000000 547560.8
60 10 1000000 850064.1
85 0 1000000 221240.4
85 1 1000000 147848.4
85 2 1000000 119457.6
85 3 1000000 120291.8
85 4 1000000 125389.9
85 5 1000000 152896.0
85 6 1000000 187650.1
85 7 1000000 252461.3
85 8 1000000 338175.9
85 9 1000000 519966.7
85 10 1000000 790663.7
110 0 1000000 221103.6
110 1 1000000 147240.1
110 2 1000000 118447.7
110 3 1000000 118936.0
110 4 1000000 125361.9
110 5 1000000 149841.6
110 6 1000000 191845.2
110 7 1000000 249240.8
110 8 1000000 340069.7
110 9 1000000 509490.9
110 10 1000000 801107.8
135 0 1000000 243555.3
135 1 1000000 141523.1
135 2 1000000 101057.8
135 3 1000000 106210.7
135 4 1000000 117437.7
135 5 1000000 141988.2
135 6 1000000 180636.4
135 7 1000000 247177.4
135 8 1000000 324585.5
135 9 1000000 507795.3
135 10 1000000 812369.8
160 0 1000000 243408.3
160 1 1000000 141870.6
160 2 1000000 104248.5
160 3 1000000 107564.8
160 4 1000000 118549.1
160 5 1000000 144288.9
160 6 1000000 180891.5
160 7 1000000 243199.4
160 8 1000000 335076.5
160 9 1000000 519344.5
160 10 1000000 821375.9
185 0 1000000 244418.7
185 1 1000000 141337.7
185 2 1000000 99337.3
185 3 1000000 104782.0
185 4 1000000 106791.7
185 5 1000000 123481.9
185 6 1000000 165682.4
185 7 1000000 229932.3
185 8 1000000 308594.9
185 9 1000000 480209.4
185 10 1000000 782333.5
210 0 1000000 243758.0
210 1 1000000 141929.5
210 2 1000000 99039.2
210 3 1000000 104390.6
210 4 1000000 109280.0
210 5 1000000 115632.0
210 6 1000000 149925.0
210 7 1000000 219496.5
210 8 1000000 302623.5
210 9 1000000 488037.9
210 10 1000000 782577.2
235 0 1000000 243949.7
235 1 1000000 141933.3
235 2 1000000 97979.2
235 3 1000000 102920.1
235 4 1000000 108165.4
235 5 1000000 132530.1
235 6 1000000 172390.2
235 7 1000000 238480.9
235 8 1000000 324708.4
235 9 1000000 502705.3
235 10 1000000 795162.5
260 0 1000000 321833.3
260 1 1000000 176751.7
260 2 1000000 113199.1
260 3 1000000 121443.6
260 4 1000000 127617.6
260 5 1000000 157012.5
260 6 1000000 191226.8
260 7 1000000 253649.6
260 8 1000000 342713.2
260 9 1000000 519630.2
260 10 1000000 802771.2
285 0 1000000 322650.2
285 1 1000000 177214.4
285 2 1000000 113306.7
285 3 1000000 120441.0
285 4 1000000 128069.8
285 5 1000000 154947.5
285 6 1000000 192158.5
285 7 1000000 250651.6
285 8 1000000 335561.5
285 9 1000000 508865.9
285 10 1000000 779838.6
310 0 1000000 322526.0
310 1 1000000 177313.5
310 2 1000000 113624.0
310 3 1000000 120603.3
310 4 1000000 126159.4
310 5 1000000 150474.9
310 6 1000000 189297.1
310 7 1000000 255713.0
310 8 1000000 335631.4
310 9 1000000 509936.2
310 10 1000000 802076.9
335 0 1000000 321901.5
335 1 1000000 177075.5
335 2 1000000 118454.7
335 3 1000000 122267.4
335 4 1000000 132173.2
335 5 1000000 153338.6
335 6 1000000 192220.4
335 7 1000000 257707.8
335 8 1000000 346592.6
335 9 1000000 509873.6
335 10 1000000 822283.8
360 0 1000000 322275.6
360 1 1000000 176646.0
360 2 1000000 115491.8
360 3 1000000 120972.5
360 4 1000000 131707.8
360 5 1000000 160967.8
360 6 1000000 195721.2
360 7 1000000 261587.4
360 8 1000000 338585.3
360 9 1000000 525471.9
360 10 1000000 806097.4
385 0 1000000 322266.2
385 1 1000000 178854.6
385 2 1000000 115843.7
385 3 1000000 126775.7
385 4 1000000 135709.5
385 5 1000000 159015.6
385 6 1000000 197618.2
385 7 1000000 264213.8
385 8 1000000 352867.9
385 9 1000000 520600.4
385 10 1000000 801770.3
410 0 1000000 321986.1
410 1 1000000 178421.6
410 2 1000000 115766.1
410 3 1000000 123969.0
410 4 1000000 137733.2
410 5 1000000 160620.0
410 6 1000000 201580.4
410 7 1000000 264046.8
410 8 1000000 358596.2
410 9 1000000 530636.9
410 10 1000000 807289.3
435 0 1000000 324028.7
435 1 1000000 181158.9
435 2 1000000 119313.3
435 3 1000000 127571.7
435 4 1000000 138577.4
435 5 1000000 157745.6
435 6 1000000 195349.5
435 7 1000000 260015.7
435 8 1000000 341903.5
435 9 1000000 517021.8
435 10 1000000 801945.0
460 0 1000000 322128.9
460 1 1000000 177136.5
460 2 1000000 114237.0
460 3 1000000 121054.2
460 4 1000000 130162.5
460 5 1000000 153829.9
460 6 1000000 194797.8
460 7 1000000 259872.7
460 8 1000000 346360.1
460 9 1000000 526522.8
460 10 1000000 815514.4
485 0 1000000 321855.1
485 1 1000000 176826.1
485 2 1000000 112346.7
485 3 1000000 122645.0
485 4 1000000 131197.8
485 5 1000000 157676.6
485 6 1000000 194545.8
485 7 1000000 260396.6
485 8 1000000 347984.1
485 9 1000000 512591.4
485 10 1000000 791616.5
510 0 1000000 501297.1
510 1 1000000 265508.2
510 2 1000000 159691.3
510 3 1000000 170472.5
510 4 1000000 181563.6
510 5 1000000 201137.7
510 6 1000000 237868.2
510 7 1000000 299835.3
510 8 1000000 384846.9
510 9 1000000 563733.4
510 10 1000000 856927.3
535 0 1000000 501730.2
535 1 1000000 266865.5
535 2 1000000 164418.9
535 3 1000000 170259.1
535 4 1000000 181808.1
535 5 1000000 198433.2
535 6 1000000 238304.5
535 7 1000000 298869.3
535 8 1000000 384202.2
535 9 1000000 562190.4
535 10 1000000 822129.4
560 0 1000000 500103.6
560 1 1000000 265621.5
560 2 1000000 161609.1
560 3 1000000 170040.3
560 4 1000000 179022.3
560 5 1000000 199729.2
560 6 1000000 237706.2
560 7 1000000 293812.8
560 8 1000000 385656.9
560 9 1000000 564347.4
560 10 1000000 838331.3
585 0 1000000 500516.7
585 1 1000000 265811.5
585 2 1000000 161027.3
585 3 1000000 171366.8
585 4 1000000 181120.7
585 5 1000000 201748.1
585 6 1000000 237656.4
585 7 1000000 300752.3
585 8 1000000 390313.7
585 9 1000000 551482.3
585 10 1000000 844476.3
610 0 1000000 501048.8
610 1 1000000 265582.6
610 2 1000000 161521.1
610 3 1000000 171479.3
610 4 1000000 181107.7
610 5 1000000 203485.9
610 6 1000000 237213.6
610 7 1000000 302752.0
610 8 1000000 395624.8
610 9 1000000 560355.0
610 10 1000000 833734.2
635 0 1000000 502524.4
635 1 1000000 266065.3
635 2 1000000 165654.7
635 3 1000000 172537.3
635 4 1000000 179044.1
635 5 1000000 199152.5
635 6 1000000 240468.1
635 7 1000000 298419.5
635 8 1000000 385850.6
635 9 1000000 566159.2
635 10 1000000 837724.3
660 0 1000000 500578.6
660 1 1000000 265699.1
660 2 1000000 161554.9
660 3 1000000 171585.4
660 4 1000000 179456.2
660 5 1000000 202143.6
660 6 1000000 237597.5
660 7 1000000 299886.3
660 8 1000000 389832.7
660 9 1000000 559022.8
660 10 1000000 861246.9
685 0 1000000 501235.4
685 1 1000000 265227.1
685 2 1000000 160305.4
685 3 1000000 173358.5
685 4 1000000 184742.2
685 5 1000000 203402.8
685 6 1000000 237654.8
685 7 1000000 302457.0
685 8 1000000 390124.4
685 9 1000000 565324.2
685 10 1000000 852764.2
710 0 1000000 501245.5
710 1 1000000 268027.1
710 2 1000000 164765.7
710 3 1000000 175974.1
710 4 1000000 185984.0
710 5 1000000 205784.0
710 6 1000000 238759.2
710 7 1000000 301046.5
710 8 1000000 398210.2
710 9 1000000 566500.1
710 10 1000000 838533.0
735 0 1000000 500434.7
735 1 1000000 265479.2
735 2 1000000 167285.5
735 3 1000000 172796.9
735 4 1000000 183347.6
735 5 1000000 199625.7
735 6 1000000 237672.0
735 7 1000000 304096.5
735 8 1000000 394533.6
735 9 1000000 560568.8
735 10 1000000 864604.5
760 0 1000000 500728.9
760 1 1000000 265901.1
760 2 1000000 161999.5
760 3 1000000 171222.3
760 4 1000000 181631.4
760 5 1000000 200522.1
760 6 1000000 236126.9
760 7 1000000 300395.7
760 8 1000000 388750.6
760 9 1000000 562581.2
760 10 1000000 855998.5
785 0 1000000 500304.9
785 1 1000000 265452.5
785 2 1000000 161764.9
785 3 1000000 172180.6
785 4 1000000 181669.6
785 5 1000000 204391.9
785 6 1000000 243197.3
785 7 1000000 299127.4
785 8 1000000 386562.5
785 9 1000000 556286.0
785 10 1000000 838112.5
810 0 1000000 500477.8
810 1 1000000 265383.4
810 2 1000000 163489.7
810 3 1000000 172963.6
810 4 1000000 180538.8
810 5 1000000 202756.4
810 6 1000000 244374.4
810 7 1000000 310523.9
810 8 1000000 397548.1
810 9 1000000 576009.3
810 10 1000000 866843.4
835 0 1000000 505214.7
835 1 1000000 271613.8
835 2 1000000 166589.4
835 3 1000000 176224.5
835 4 1000000 186643.9
835 5 1000000 208731.5
835 6 1000000 245769.7
835 7 1000000 305754.3
835 8 1000000 398213.0
835 9 1000000 577341.6
835 10 1000000 851539.8
860 0 1000000 503593.6
860 1 1000000 271300.3
860 2 1000000 168744.2
860 3 1000000 178604.9
860 4 1000000 190024.3
860 5 1000000 206608.6
860 6 1000000 244629.1
860 7 1000000 309860.8
860 8 1000000 398692.6
860 9 1000000 550623.8
860 10 1000000 865880.3
885 0 1000000 503519.9
885 1 1000000 271033.0
885 2 1000000 167749.4
885 3 1000000 178547.3
885 4 1000000 186314.6
885 5 1000000 206223.5
885 6 1000000 244776.0
885 7 1000000 305351.0
885 8 1000000 395866.6
885 9 1000000 557510.2
885 10 1000000 845386.6
910 0 1000000 504251.2
910 1 1000000 271782.1
910 2 1000000 169919.0
910 3 1000000 175550.9
910 4 1000000 190004.9
910 5 1000000 207942.0
910 6 1000000 242350.9
910 7 1000000 301972.2
910 8 1000000 396990.4
910 9 1000000 569323.1
910 10 1000000 834516.0
935 0 1000000 504801.9
935 1 1000000 272255.9
935 2 1000000 170958.5
935 3 1000000 176367.7
935 4 1000000 187876.4
935 5 1000000 208997.1
935 6 1000000 248317.8
935 7 1000000 306600.2
935 8 1000000 398383.8
935 9 1000000 562964.7
935 10 1000000 851522.9
960 0 1000000 504317.5
960 1 1000000 272053.2
960 2 1000000 170120.8
960 3 1000000 176138.6
960 4 1000000 190027.1
960 5 1000000 209630.9
960 6 1000000 185727.0
960 7 1000000 200637.4
960 8 1000000 233181.9
960 9 1000000 380399.4
960 10 1000000 592921.9
985 0 1000000 873253.3
985 1 1000000 453263.5
985 2 1000000 264512.8
985 3 1000000 279299.8
985 4 1000000 270367.0
985 5 1000000 274035.2
985 6 1000000 283096.9
985 7 1000000 295669.1
985 8 1000000 335612.9
985 9 1000000 480096.3
985 10 1000000 671421.3
1010 0 1000000 873088.1
1010 1 1000000 452804.1
1010 2 1000000 262716.4
1010 3 1000000 272653.4
1010 4 1000000 273154.0
1010 5 1000000 273622.9
1010 6 1000000 285952.5
1010 7 1000000 296172.3
1010 8 1000000 342316.7
1010 9 1000000 481631.5
1010 10 1000000 649901.5
1035 0 1000000 873467.1
1035 1 1000000 452278.4
1035 2 1000000 269898.3
1035 3 1000000 275945.6
1035 4 1000000 270224.1
1035 5 1000000 273212.7
1035 6 1000000 284171.3
1035 7 1000000 297682.6
1035 8 1000000 365337.3
1035 9 1000000 483858.6
1035 10 1000000 685068.6
1060 0 1000000 874348.6
1060 1 1000000 452357.4
1060 2 1000000 266644.6
1060 3 1000000 275070.7
1060 4 1000000 272253.0
1060 5 1000000 275349.6
1060 6 1000000 284069.3
1060 7 1000000 312660.7
1060 8 1000000 393180.7
1060 9 1000000 496878.3
1060 10 1000000 709749.8
1085 0 1000000 874112.4
1085 1 1000000 452688.1
1085 2 1000000 264541.4
1085 3 1000000 271847.1
1085 4 1000000 271555.6
1085 5 1000000 273861.3
1085 6 1000000 296423.2
1085 7 1000000 347035.2
1085 8 1000000 412824.3
1085 9 1000000 521832.4
1085 10 1000000 727761.2
1110 0 1000000 873284.5
1110 1 1000000 452460.8
1110 2 1000000 263328.2
1110 3 1000000 271453.0
1110 4 1000000 277621.8
1110 5 1000000 290793.6
1110 6 1000000 317273.6
1110 7 1000000 355541.2
1110 8 1000000 422681.9
1110 9 1000000 532418.5
1110 10 1000000 723893.0
1135 0 1000000 873339.9
1135 1 1000000 452135.4
1135 2 1000000 267350.1
1135 3 1000000 278417.6
1135 4 1000000 280237.4
1135 5 1000000 292745.4
1135 6 1000000 321206.9
1135 7 1000000 357098.0
1135 8 1000000 423640.1
1135 9 1000000 543875.3
1135 10 1000000 731517.9
1160 0 1000000 873512.5
1160 1 1000000 452543.5
1160 2 1000000 267350.2
1160 3 1000000 274451.1
1160 4 1000000 272067.1
1160 5 1000000 294620.5
1160 6 1000000 319992.8
1160 7 1000000 359597.6
1160 8 1000000 427371.4
1160 9 1000000 537427.0
1160 10 1000000 733325.0
1185 0 1000000 876384.6
1185 1 1000000 464262.1
1185 2 1000000 281935.7
1185 3 1000000 291767.2
1185 4 1000000 299465.7
1185 5 1000000 343731.6
1185 6 1000000 361572.1
1185 7 1000000 384249.2
1185 8 1000000 443065.6
1185 9 1000000 565678.7
1185 10 1000000 779293.1
1210 0 1000000 897262.9
1210 1 1000000 471045.6
1210 2 1000000 290567.0
1210 3 1000000 290427.3
1210 4 1000000 293937.0
1210 5 1000000 302813.7
1210 6 1000000 329020.9
1210 7 1000000 374409.6
1210 8 1000000 440167.1
1210 9 1000000 574531.8
1210 10 1000000 775659.9
1235 0 1000000 893562.9
1235 1 1000000 466635.2
1235 2 1000000 280587.5
1235 3 1000000 288796.9
1235 4 1000000 300758.1
1235 5 1000000 306674.1
1235 6 1000000 344238.5
1235 7 1000000 405269.2
1235 8 1000000 488329.7
1235 9 1000000 665893.9
1235 10 1000000 858823.0
1260 0 1000000 893133.9
1260 1 1000000 464922.7
1260 2 1000000 277130.9
1260 3 1000000 282832.4
1260 4 1000000 289246.9
1260 5 1000000 376228.6
1260 6 1000000 388329.4
1260 7 1000000 420267.9
1260 8 1000000 494649.2
1260 9 1000000 641020.8
1260 10 1000000 782921.7
1285 0 1000000 895668.2
1285 1 1000000 464477.7
1285 2 1000000 294092.6
1285 3 1000000 292423.4
1285 4 1000000 295969.2
1285 5 1000000 340675.5
1285 6 1000000 370221.1
1285 7 1000000 408818.4
1285 8 1000000 527546.0
1285 9 1000000 655010.8
1285 10 1000000 752069.0
1310 0 1000000 894634.8
1310 1 1000000 468373.5
1310 2 1000000 274706.3
1310 3 1000000 283909.3
1310 4 1000000 284758.6
1310 5 1000000 301471.9
1310 6 1000000 367717.7
1310 7 1000000 459594.0
1310 8 1000000 552480.6
1310 9 1000000 674048.0
1310 10 1000000 509723.5
1335 0 1000000 897913.2
1335 1 1000000 464685.5
1335 2 1000000 273559.5
1335 3 1000000 281547.2
1335 4 1000000 281027.9
1335 5 1000000 297459.8
1335 6 1000000 342782.1
1335 7 1000000 403945.7
1335 8 1000000 494062.9
1335 9 1000000 676368.4
1335 10 1000000 373885.4
1360 0 1000000 895760.2
1360 1 1000000 465928.1
1360 2 1000000 281089.7
1360 3 1000000 292683.9
1360 4 1000000 298542.8
1360 5 1000000 312459.6
1360 6 1000000 353926.4
1360 7 1000000 406224.0
1360 8 1000000 485251.8
1360 9 1000000 665233.1
1360 10 1000000 950763.8
1385 0 1000000 896153.7
1385 1 1000000 468070.9
1385 2 1000000 286881.9
1385 3 1000000 287531.0
1385 4 1000000 299776.9
1385 5 1000000 306702.2
1385 6 1000000 352664.0
1385 7 1000000 406503.2
1385 8 1000000 486616.5
1385 9 1000000 658584.9
1385 10 1000000 950209.0
1410 0 1000000 895184.8
1410 1 1000000 471118.5
1410 2 1000000 287224.1
1410 3 1000000 288802.4
1410 4 1000000 297339.1
1410 5 1000000 315530.4
1410 6 1000000 353183.9
1410 7 1000000 408336.6
1410 8 1000000 500975.4
1410 9 1000000 665145.5
1410 10 1000000 838905.1
1435 0 1000000 898588.2
1435 1 1000000 472948.6
1435 2 1000000 298395.1
1435 3 1000000 297192.8
1435 4 1000000 297866.0
1435 5 1000000 322149.1
1435 6 1000000 355412.8
1435 7 1000000 411936.4
1435 8 1000000 501903.7
1435 9 1000000 657980.1
1435 10 1000000 952247.1
1460 0 1000000 897339.6
1460 1 1000000 472405.4
1460 2 1000000 281403.6
1460 3 1000000 289818.0
1460 4 1000000 300342.6
1460 5 1000000 312453.0
1460 6 1000000 349217.9
1460 7 1000000 409893.6
1460 8 1000000 495189.2
1460 9 1000000 656483.6
1460 10 1000000 951674.3
1485 0 1000000 898647.9
1485 1 1000000 470173.1
1485 2 1000000 284958.4
1485 3 1000000 291732.8
1485 4 1000000 299591.1
1485 5 1000000 315664.8
1485 6 1000000 346535.0
1485 7 1000000 411067.4
1485 8 1000000 497755.3
1485 9 1000000 659968.5
1485 10 1000000 849020.5
1510 0 1000000 906695.0
1510 1 1000000 477192.1
1510 2 1000000 316035.5
1510 3 1000000 316031.6
1510 4 1000000 285856.3
1510 5 1000000 360234.2
1510 6 1000000 346203.4
1510 7 1000000 418530.0
1510 8 1000000 481984.4
1510 9 1000000 637615.9
1510 10 1000000 474070.2
1535 0 1000000 891932.9
1535 1 1000000 473027.5
1535 2 1000000 286155.7
1535 3 1000000 304798.5
1535 4 1000000 295811.0
1535 5 1000000 308910.4
1535 6 1000000 342895.0
1535 7 1000000 403442.1
1535 8 1000000 479671.3
1535 9 1000000 641186.3
1535 10 1000000 929922.1
1560 0 1000000 892422.3
1560 1 1000000 463955.7
1560 2 1000000 327896.1
1560 3 1000000 291549.3
1560 4 1000000 298152.6
1560 5 1000000 309490.3
1560 6 1000000 342631.5
1560 7 1000000 413720.1
1560 8 1000000 492655.6
1560 9 1000000 669326.3
1560 10 1000000 653482.4
1585 0 1000000 893577.4
1585 1 1000000 463807.5
1585 2 1000000 288262.8
1585 3 1000000 289187.9
1585 4 1000000 294151.4
1585 5 1000000 329742.1
1585 6 1000000 346022.5
1585 7 1000000 410262.8
1585 8 1000000 495697.7
1585 9 1000000 677590.4
1585 10 1000000 516156.5
1610 0 1000000 903127.2
1610 1 1000000 472973.0
1610 2 1000000 289677.5
1610 3 1000000 279609.2
1610 4 1000000 294267.6
1610 5 1000000 303285.5
1610 6 1000000 340591.6
1610 7 1000000 410740.4
1610 8 1000000 520118.9
1610 9 1000000 666391.0
1610 10 1000000 863777.3
1635 0 1000000 887586.7
1635 1 1000000 462600.1
1635 2 1000000 266794.8
1635 3 1000000 276486.9
1635 4 1000000 274009.4
1635 5 1000000 276212.1
1635 6 1000000 290749.2
1635 7 1000000 345825.8
1635 8 1000000 441139.3
1635 9 1000000 603714.1
1635 10 1000000 867923.0
1660 0 1000000 891893.1
1660 1 1000000 464628.4
1660 2 1000000 286626.9
1660 3 1000000 275889.0
1660 4 1000000 280455.9
1660 5 1000000 293624.3
1660 6 1000000 348682.5
1660 7 1000000 397773.1
1660 8 1000000 498614.1
1660 9 1000000 569571.7
1660 10 1000000 791629.6
1685 0 1000000 857189.7
1685 1 1000000 442048.1
1685 2 1000000 249528.8
1685 3 1000000 266638.9
1685 4 1000000 264963.4
1685 5 1000000 263041.8
1685 6 1000000 273362.8
1685 7 1000000 290986.6
1685 8 1000000 379754.7
1685 9 1000000 531971.4
1685 10 1000000 809403.2
1710 0 1000000 855828.3
1710 1 1000000 442232.5
1710 2 1000000 250290.4
1710 3 1000000 268218.7
1710 4 1000000 265240.3
1710 5 1000000 262370.1
1710 6 1000000 274037.2
1710 7 1000000 292565.7
1710 8 1000000 401513.3
1710 9 1000000 537886.6
1710 10 1000000 796288.4
1735 0 1000000 856137.9
1735 1 1000000 442184.5
1735 2 1000000 249936.1
1735 3 1000000 267610.2
1735 4 1000000 260972.4
1735 5 1000000 265379.7
1735 6 1000000 275575.6
1735 7 1000000 296668.8
1735 8 1000000 394035.2
1735 9 1000000 550978.4
1735 10 1000000 820023.9
1760 0 1000000 855633.5
1760 1 1000000 441654.5
1760 2 1000000 249494.9
1760 3 1000000 266592.1
1760 4 1000000 263434.7
1760 5 1000000 263586.8
1760 6 1000000 272960.3
1760 7 1000000 295355.3
1760 8 1000000 397028.7
1760 9 1000000 547257.7
1760 10 1000000 812332.8
1785 0 1000000 856246.3
1785 1 1000000 441916.6
1785 2 1000000 249572.3
1785 3 1000000 269583.1
1785 4 1000000 262694.9
1785 5 1000000 263454.5
1785 6 1000000 273099.0
1785 7 1000000 300998.1
1785 8 1000000 397801.6
1785 9 1000000 547657.3
1785 10 1000000 814414.6
1810 0 1000000 856157.4
1810 1 1000000 442185.7
1810 2 1000000 249029.7
1810 3 1000000 265268.8
1810 4 1000000 260804.9
1810 5 1000000 263450.9
1810 6 1000000 274917.3
1810 7 1000000 299701.2
1810 8 1000000 405123.0
1810 9 1000000 549944.2
1810 10 1000000 814908.6
1835 0 1000000 856451.2
1835 1 1000000 442015.4
1835 2 1000000 249829.3
1835 3 1000000 267720.8
1835 4 1000000 260031.7
1835 5 1000000 263590.7
1835 6 1000000 274247.2
1835 7 1000000 299114.5
1835 8 1000000 404181.8
1835 9 1000000 550196.5
1835 10 1000000 792641.4
1860 0 1000000 855926.8
1860 1 1000000 442114.4
1860 2 1000000 249851.6
1860 3 1000000 265344.1
1860 4 1000000 263897.8
1860 5 1000000 264314.3
1860 6 1000000 271162.9
1860 7 1000000 301297.3
1860 8 1000000 411270.8
1860 9 1000000 546119.8
1860 10 1000000 825930.0
1885 0 1000000 856068.0
1885 1 1000000 441406.9
1885 2 1000000 249358.7
1885 3 1000000 268426.5
1885 4 1000000 262630.1
1885 5 1000000 263405.8
1885 6 1000000 277799.5
1885 7 1000000 307867.7
1885 8 1000000 397683.1
1885 9 1000000 552153.0
1885 10 1000000 814551.8
1910 0 1000000 856079.3
1910 1 1000000 443149.2
1910 2 1000000 250441.7
1910 3 1000000 262696.5
1910 4 1000000 263211.4
1910 5 1000000 263498.4
1910 6 1000000 274570.6
1910 7 1000000 313629.9
1910 8 1000000 402942.3
1910 9 1000000 541483.4
1910 10 1000000 806119.4
1935 0 1000000 855700.3
1935 1 1000000 441874.1
1935 2 1000000 251860.3
1935 3 1000000 265435.3
1935 4 1000000 260871.8
1935 5 1000000 262347.8
1935 6 1000000 272530.9
1935 7 1000000 301199.8
1935 8 1000000 403893.9
1935 9 1000000 538356.3
1935 10 1000000 802874.8
1960 0 1000000 599954.3
1960 1 1000000 814682.7
1960 2 1000000 450129.6
1960 3 1000000 466374.8
1960 4 1000000 458779.4
1960 5 1000000 458710.5
1960 6 1000000 467326.9
1960 7 1000000 498994.1
1960 8 1000000 557439.8
1960 9 1000000 690912.7
1960 10 1000000 693031.5
1985 0 1000000 598621.4
1985 1 1000000 814425.3
1985 2 1000000 447356.9
1985 3 1000000 465061.2
1985 4 1000000 460632.0
1985 5 1000000 460931.8
1985 6 1000000 466782.9
1985 7 1000000 502999.1
1985 8 1000000 566799.4
1985 9 1000000 686258.7
1985 10 1000000 682326.7
2010 0 1000000 599531.7
2010 1 1000000 813649.1
2010 2 1000000 448130.3
2010 3 1000000 467085.3
2010 4 1000000 460211.7
2010 5 1000000 459894.6
2010 6 1000000 469299.1
2010 7 1000000 507282.8
2010 8 1000000 575478.1
2010 9 1000000 696781.5
2010 10 1000000 694855.1
