10 0 100000 52621.2
10 1 100000 92901.7
10 2 100000 82042.7
10 3 100000 78560.9
10 4 100000 84901.5
10 5 100000 95817.5
10 6 100000 114120.0
10 7 100000 153456.2
10 8 100000 239350.2
10 9 100000 403702.5
10 10 100000 709055.5
35 0 100000 26282.6
35 1 100000 27658.4
35 2 100000 26460.8
35 3 100000 28700.5
35 4 100000 36168.6
35 5 100000 48468.1
35 6 100000 74693.3
35 7 100000 123369.8
35 8 100000 201677.6
35 9 100000 362787.0
35 10 100000 669380.2
60 0 100000 23094.6
60 1 100000 18838.9
60 2 100000 17089.9
60 3 100000 21325.9
60 4 100000 27832.4
60 5 100000 43505.6
60 6 100000 68514.1
60 7 100000 120105.8
60 8 100000 196724.3
60 9 100000 366532.7
60 10 100000 684864.1
85 0 100000 23246.6
85 1 100000 19003.6
85 2 100000 18516.4
85 3 100000 22334.2
85 4 100000 31455.2
85 5 100000 46003.9
85 6 100000 69195.5
85 7 100000 121192.7
85 8 100000 197554.4
85 9 100000 355228.9
85 10 100000 702110.0
110 0 100000 23833.1
110 1 100000 16388.6
110 2 100000 15228.6
110 3 100000 19729.0
110 4 100000 28241.7
110 5 100000 43374.3
110 6 100000 71976.7
110 7 100000 117498.2
110 8 100000 204377.1
110 9 100000 364296.7
110 10 100000 686415.7
135 0 100000 23832.1
135 1 100000 16076.2
135 2 100000 15553.1
135 3 100000 19481.5
135 4 100000 29712.0
135 5 100000 42781.2
135 6 100000 67375.7
135 7 100000 119561.9
135 8 100000 199929.5
135 9 100000 380761.2
135 10 100000 706346.7
160 0 100000 26888.1
160 1 100000 16720.1
160 2 100000 15537.1
160 3 100000 18364.8
160 4 100000 26424.2
160 5 100000 41739.1
160 6 100000 70273.4
160 7 100000 112929.4
160 8 100000 201580.3
160 9 100000 363179.6
160 10 100000 661798.9
185 0 100000 23896.4
185 1 100000 16291.6
185 2 100000 14487.9
185 3 100000 17584.4
185 4 100000 29693.0
185 5 100000 42566.6
185 6 100000 69082.7
185 7 100000 121120.6
185 8 100000 204614.2
185 9 100000 373552.8
185 10 100000 692111.4
210 0 100000 29388.4
210 1 100000 18612.1
210 2 100000 15467.1
210 3 100000 20679.7
210 4 100000 29786.7
210 5 100000 41841.1
210 6 100000 69148.2
210 7 100000 119968.3
210 8 100000 203249.7
210 9 100000 373227.9
210 10 100000 363187.8
235 0 100000 29718.9
235 1 100000 18885.8
235 2 100000 14853.0
235 3 100000 21472.2
235 4 100000 30654.8
235 5 100000 44880.3
235 6 100000 72849.0
235 7 100000 120298.2
235 8 100000 208998.3
235 9 100000 375208.0
235 10 100000 369071.5
260 0 100000 29785.3
260 1 100000 18504.3
260 2 100000 15592.1
260 3 100000 20655.0
260 4 100000 30173.4
260 5 100000 42997.6
260 6 100000 66930.2
260 7 100000 124727.4
260 8 100000 210570.1
260 9 100000 362037.7
260 10 100000 366303.9
285 0 100000 29503.3
285 1 100000 18218.6
285 2 100000 15712.7
285 3 100000 20212.4
285 4 100000 30985.2
285 5 100000 43520.6
285 6 100000 71260.9
285 7 100000 120749.3
285 8 100000 194571.7
285 9 100000 379633.0
285 10 100000 391517.7
310 0 100000 29773.0
310 1 100000 18691.7
310 2 100000 16521.1
310 3 100000 20885.3
310 4 100000 29762.8
310 5 100000 45003.1
310 6 100000 68031.3
310 7 100000 124106.4
310 8 100000 203740.6
310 9 100000 363362.2
310 10 100000 362531.1
335 0 100000 29897.1
335 1 100000 18306.5
335 2 100000 15079.9
335 3 100000 19921.1
335 4 100000 30329.7
335 5 100000 42344.3
335 6 100000 68745.5
335 7 100000 118691.8
335 8 100000 204478.5
335 9 100000 367371.7
335 10 100000 365581.2
360 0 100000 29815.7
360 1 100000 18537.7
360 2 100000 16310.9
360 3 100000 21121.4
360 4 100000 29878.9
360 5 100000 42794.4
360 6 100000 70857.5
360 7 100000 121970.0
360 8 100000 201665.9
360 9 100000 375413.5
360 10 100000 373258.3
385 0 100000 29548.3
385 1 100000 18814.8
385 2 100000 15857.3
385 3 100000 19480.6
385 4 100000 30071.0
385 5 100000 43049.9
385 6 100000 70407.4
385 7 100000 115708.4
385 8 100000 201302.3
385 9 100000 378734.4
385 10 100000 360006.1
410 0 100000 43367.9
410 1 100000 25825.1
410 2 100000 19863.3
410 3 100000 25049.8
410 4 100000 34609.5
410 5 100000 48191.5
410 6 100000 72355.4
410 7 100000 111921.8
410 8 100000 199248.4
410 9 100000 182949.8
410 10 100000 198902.9
435 0 100000 43500.3
435 1 100000 25651.3
435 2 100000 18251.9
435 3 100000 22107.2
435 4 100000 29168.5
435 5 100000 40512.7
435 6 100000 61835.4
435 7 100000 109053.3
435 8 100000 200133.3
435 9 100000 198495.6
435 10 100000 196346.0
460 0 100000 43717.6
460 1 100000 25724.1
460 2 100000 20192.3
460 3 100000 22901.6
460 4 100000 28408.0
460 5 100000 41350.5
460 6 100000 67731.9
460 7 100000 114266.6
460 8 100000 199889.9
460 9 100000 203430.1
460 10 100000 197348.6
485 0 100000 43806.2
485 1 100000 25285.9
485 2 100000 19316.6
485 3 100000 22753.5
485 4 100000 29799.6
485 5 100000 45319.1
485 6 100000 64963.4
485 7 100000 114044.4
485 8 100000 204040.3
485 9 100000 196603.6
485 10 100000 204669.8
510 0 100000 43625.2
510 1 100000 25318.0
510 2 100000 19124.8
510 3 100000 22749.6
510 4 100000 32726.8
510 5 100000 44417.0
510 6 100000 73076.2
510 7 100000 126151.4
510 8 100000 206428.1
510 9 100000 201056.3
510 10 100000 201051.6
535 0 100000 43689.6
535 1 100000 25683.0
535 2 100000 20102.2
535 3 100000 24914.9
535 4 100000 35302.6
535 5 100000 48019.8
535 6 100000 74726.5
535 7 100000 125797.1
535 8 100000 206044.9
535 9 100000 193849.1
535 10 100000 197476.7
560 0 100000 43595.1
560 1 100000 25373.2
560 2 100000 22882.9
560 3 100000 23639.5
560 4 100000 30245.1
560 5 100000 44765.4
560 6 100000 68944.7
560 7 100000 121416.6
560 8 100000 207608.3
560 9 100000 207252.2
560 10 100000 211444.3
585 0 100000 43609.7
585 1 100000 25337.3
585 2 100000 19360.9
585 3 100000 24658.0
585 4 100000 34999.4
585 5 100000 47838.4
585 6 100000 73783.7
585 7 100000 124248.4
585 8 100000 205888.2
585 9 100000 201464.3
585 10 100000 208952.1
610 0 100000 43588.7
610 1 100000 25288.4
610 2 100000 19961.7
610 3 100000 25775.4
610 4 100000 35502.1
610 5 100000 42135.1
610 6 100000 60453.1
610 7 100000 106992.4
610 8 100000 198212.3
610 9 100000 187274.6
610 10 100000 193067.9
635 0 100000 43505.3
635 1 100000 25587.3
635 2 100000 18425.7
635 3 100000 22723.8
635 4 100000 28345.4
635 5 100000 38500.0
635 6 100000 60728.3
635 7 100000 112781.7
635 8 100000 190729.5
635 9 100000 194177.5
635 10 100000 196128.4
660 0 100000 43794.4
660 1 100000 25323.3
660 2 100000 18245.4
660 3 100000 23312.2
660 4 100000 28452.1
660 5 100000 45215.1
660 6 100000 65684.9
660 7 100000 117390.9
660 8 100000 201757.5
660 9 100000 205796.0
660 10 100000 198658.9
685 0 100000 43600.9
685 1 100000 25321.3
685 2 100000 19259.9
685 3 100000 25225.4
685 4 100000 35275.9
685 5 100000 48421.6
685 6 100000 73328.0
685 7 100000 121902.9
685 8 100000 200788.9
685 9 100000 208555.9
685 10 100000 202933.5
710 0 100000 43676.1
710 1 100000 25631.0
710 2 100000 19268.2
710 3 100000 24993.5
710 4 100000 34329.9
710 5 100000 47564.1
710 6 100000 74200.4
710 7 100000 124830.6
710 8 100000 208679.1
710 9 100000 203735.5
710 10 100000 205333.9
735 0 100000 43461.1
735 1 100000 25666.0
735 2 100000 18281.9
735 3 100000 23366.0
735 4 100000 32940.7
735 5 100000 48020.1
735 6 100000 72144.5
735 7 100000 122031.0
735 8 100000 205262.5
735 9 100000 205536.1
735 10 100000 206530.2
760 0 100000 43352.2
760 1 100000 25303.2
760 2 100000 20259.7
760 3 100000 24983.2
760 4 100000 36461.5
760 5 100000 47526.2
760 6 100000 74119.6
760 7 100000 121672.7
760 8 100000 200801.5
760 9 100000 202010.7
760 10 100000 207692.2
785 0 100000 72963.6
785 1 100000 40618.9
785 2 100000 28120.0
785 3 100000 32900.6
785 4 100000 44019.2
785 5 100000 55204.3
785 6 100000 78452.4
785 7 100000 123045.4
785 8 100000 121362.3
785 9 100000 126563.8
785 10 100000 122947.1
810 0 100000 72902.6
810 1 100000 40532.4
810 2 100000 27345.6
810 3 100000 33954.9
810 4 100000 44099.5
810 5 100000 55016.5
810 6 100000 75874.5
810 7 100000 121618.8
810 8 100000 120355.3
810 9 100000 123136.5
810 10 100000 120697.9
835 0 100000 73067.0
835 1 100000 40205.0
835 2 100000 27308.5
835 3 100000 33407.0
835 4 100000 44828.0
835 5 100000 55543.0
835 6 100000 77858.4
835 7 100000 120281.4
835 8 100000 119212.8
835 9 100000 118132.0
835 10 100000 119132.9
860 0 100000 72917.3
860 1 100000 40427.6
860 2 100000 27730.5
860 3 100000 33773.6
860 4 100000 44252.6
860 5 100000 54272.7
860 6 100000 76460.4
860 7 100000 119603.7
860 8 100000 121460.6
860 9 100000 114438.3
860 10 100000 118074.8
885 0 100000 73076.8
885 1 100000 40372.2
885 2 100000 28737.1
885 3 100000 33766.9
885 4 100000 44190.1
885 5 100000 55096.9
885 6 100000 76130.3
885 7 100000 122283.0
885 8 100000 117331.3
885 9 100000 118064.4
885 10 100000 120542.3
910 0 100000 73071.3
910 1 100000 40179.1
910 2 100000 26371.3
910 3 100000 31775.5
910 4 100000 45375.9
910 5 100000 55592.8
910 6 100000 73622.8
910 7 100000 123288.2
910 8 100000 123590.7
910 9 100000 123448.7
910 10 100000 123084.9
935 0 100000 73107.5
935 1 100000 40391.9
935 2 100000 27197.2
935 3 100000 33781.4
935 4 100000 44179.7
935 5 100000 54066.6
935 6 100000 76244.2
935 7 100000 126180.0
935 8 100000 123006.9
935 9 100000 123096.6
935 10 100000 127193.0
960 0 100000 72960.9
960 1 100000 40522.8
960 2 100000 28239.0
960 3 100000 32876.7
960 4 100000 44863.9
960 5 100000 55086.0
960 6 100000 74414.1
960 7 100000 120945.8
960 8 100000 128217.0
960 9 100000 125302.0
960 10 100000 128184.1
985 0 100000 73025.2
985 1 100000 40436.0
985 2 100000 27483.0
985 3 100000 33628.5
985 4 100000 45731.5
985 5 100000 55209.8
985 6 100000 76151.6
985 7 100000 123558.8
985 8 100000 123694.8
985 9 100000 121863.0
985 10 100000 124602.6
1010 0 100000 72947.8
1010 1 100000 40407.4
1010 2 100000 27826.5
1010 3 100000 33617.6
1010 4 100000 46160.3
1010 5 100000 54763.2
1010 6 100000 75593.5
1010 7 100000 128269.7
1010 8 100000 124451.1
1010 9 100000 123304.5
1010 10 100000 123424.8
1035 0 100000 73056.2
1035 1 100000 40070.2
1035 2 100000 27301.3
1035 3 100000 34156.3
1035 4 100000 44118.9
1035 5 100000 54838.6
1035 6 100000 73535.0
1035 7 100000 127221.6
1035 8 100000 121978.6
1035 9 100000 123691.6
1035 10 100000 118266.3
1060 0 100000 72952.4
1060 1 100000 40941.4
1060 2 100000 27981.0
1060 3 100000 34968.9
1060 4 100000 44824.0
1060 5 100000 56081.3
1060 6 100000 77500.5
1060 7 100000 127345.1
1060 8 100000 121821.4
1060 9 100000 121690.3
1060 10 100000 124749.1
1085 0 100000 73167.1
1085 1 100000 40420.1
1085 2 100000 28500.8
1085 3 100000 34368.3
1085 4 100000 46301.6
1085 5 100000 55425.2
1085 6 100000 75419.7
1085 7 100000 124831.5
1085 8 100000 120572.1
1085 9 100000 124582.5
1085 10 100000 122499.0
1110 0 100000 72869.4
1110 1 100000 40019.7
1110 2 100000 27347.2
1110 3 100000 35195.8
1110 4 100000 46688.9
1110 5 100000 56783.1
1110 6 100000 75182.3
1110 7 100000 126531.8
1110 8 100000 122353.1
1110 9 100000 119870.1
1110 10 100000 119108.0
1135 0 100000 72901.1
1135 1 100000 40189.2
1135 2 100000 28092.8
1135 3 100000 34587.8
1135 4 100000 44123.2
1135 5 100000 53517.0
1135 6 100000 73988.5
1135 7 100000 118570.5
1135 8 100000 123240.9
1135 9 100000 117406.9
1135 10 100000 125661.0
1160 0 100000 73409.7
1160 1 100000 40371.9
1160 2 100000 27467.4
1160 3 100000 33658.2
1160 4 100000 44235.0
1160 5 100000 55288.2
1160 6 100000 75708.2
1160 7 100000 123891.7
1160 8 100000 122964.5
1160 9 100000 121240.6
1160 10 100000 124435.7
1185 0 100000 73026.7
1185 1 100000 40240.5
1185 2 100000 27978.0
1185 3 100000 34825.1
1185 4 100000 44523.3
1185 5 100000 54285.4
1185 6 100000 77563.8
1185 7 100000 118948.3
1185 8 100000 121732.7
1185 9 100000 121800.3
1185 10 100000 122001.9
1210 0 100000 73381.1
1210 1 100000 40837.9
1210 2 100000 28957.5
1210 3 100000 34018.5
1210 4 100000 44845.2
1210 5 100000 54858.1
1210 6 100000 75740.3
1210 7 100000 126510.3
1210 8 100000 128659.1
1210 9 100000 121245.4
1210 10 100000 125277.2
1235 0 100000 73227.2
1235 1 100000 40366.3
1235 2 100000 27448.6
1235 3 100000 34713.6
1235 4 100000 45234.2
1235 5 100000 55386.1
1235 6 100000 76164.2
1235 7 100000 120721.2
1235 8 100000 123282.1
1235 9 100000 122939.4
1235 10 100000 128945.7
1260 0 100000 73217.4
1260 1 100000 40393.9
1260 2 100000 26924.8
1260 3 100000 32911.0
1260 4 100000 43843.7
1260 5 100000 56830.6
1260 6 100000 73979.5
1260 7 100000 123387.9
1260 8 100000 126842.9
1260 9 100000 118391.9
1260 10 100000 127423.2
1285 0 100000 73176.0
1285 1 100000 40196.5
1285 2 100000 27733.9
1285 3 100000 34183.7
1285 4 100000 45102.1
1285 5 100000 56153.1
1285 6 100000 75790.1
1285 7 100000 119390.8
1285 8 100000 120414.8
1285 9 100000 119400.8
1285 10 100000 124904.5
1310 0 100000 73238.2
1310 1 100000 40418.6
1310 2 100000 27926.2
1310 3 100000 34618.1
1310 4 100000 44600.6
1310 5 100000 56182.5
1310 6 100000 73499.4
1310 7 100000 122069.5
1310 8 100000 121836.1
1310 9 100000 124516.7
1310 10 100000 123431.1
1335 0 100000 73140.4
1335 1 100000 40128.3
1335 2 100000 28239.1
1335 3 100000 34673.3
1335 4 100000 45347.6
1335 5 100000 53598.4
1335 6 100000 77396.7
1335 7 100000 124388.1
1335 8 100000 121644.5
1335 9 100000 121981.4
1335 10 100000 118300.3
1360 0 100000 73348.8
1360 1 100000 40484.8
1360 2 100000 27165.6
1360 3 100000 33718.1
1360 4 100000 44552.9
1360 5 100000 53985.2
1360 6 100000 76331.1
1360 7 100000 124758.9
1360 8 100000 123198.7
1360 9 100000 119513.3
1360 10 100000 132765.3
1385 0 100000 73018.4
1385 1 100000 40842.4
1385 2 100000 27663.1
1385 3 100000 34972.0
1385 4 100000 45753.4
1385 5 100000 53321.7
1385 6 100000 77705.9
1385 7 100000 123768.2
1385 8 100000 121793.5
1385 9 100000 122670.3
1385 10 100000 121556.6
1410 0 100000 73127.8
1410 1 100000 40089.3
1410 2 100000 29135.4
1410 3 100000 32836.3
1410 4 100000 43359.1
1410 5 100000 54124.1
1410 6 100000 78064.9
1410 7 100000 120166.9
1410 8 100000 123343.8
1410 9 100000 121550.7
1410 10 100000 124591.5
1435 0 100000 72959.9
1435 1 100000 40265.9
1435 2 100000 28729.0
1435 3 100000 35175.0
1435 4 100000 44382.2
1435 5 100000 53252.1
1435 6 100000 73814.9
1435 7 100000 121178.6
1435 8 100000 120761.2
1435 9 100000 122342.3
1435 10 100000 122520.5
1460 0 100000 72822.9
1460 1 100000 40437.4
1460 2 100000 27845.5
1460 3 100000 34406.8
1460 4 100000 45121.9
1460 5 100000 54295.4
1460 6 100000 77753.7
1460 7 100000 127249.6
1460 8 100000 123901.2
1460 9 100000 121538.0
1460 10 100000 125628.7
1485 0 100000 73306.8
1485 1 100000 41013.7
1485 2 100000 28476.0
1485 3 100000 34081.5
1485 4 100000 44485.9
1485 5 100000 54577.5
1485 6 100000 73674.5
1485 7 100000 123666.2
1485 8 100000 119720.6
1485 9 100000 120827.8
1485 10 100000 125106.7
1510 0 100000 73107.5
1510 1 100000 40925.1
1510 2 100000 27126.1
1510 3 100000 34852.7
1510 4 100000 45296.8
1510 5 100000 55594.8
1510 6 100000 75603.8
1510 7 100000 122746.7
1510 8 100000 121251.1
1510 9 100000 127877.6
1510 10 100000 122059.7
1535 0 100000 73181.5
1535 1 100000 40400.5
1535 2 100000 28012.7
1535 3 100000 33547.1
1535 4 100000 43952.2
1535 5 100000 52538.0
1535 6 100000 74467.1
1535 7 100000 122977.3
1535 8 100000 119844.1
1535 9 100000 119592.2
1535 10 100000 121936.7
1560 0 100000 73241.9
1560 1 100000 40564.7
1560 2 100000 27251.8
1560 3 100000 34065.0
1560 4 100000 44770.0
1560 5 100000 54938.7
1560 6 100000 76587.3
1560 7 100000 131760.0
1560 8 100000 122160.3
1560 9 100000 128859.5
1560 10 100000 118323.3
1585 0 100000 133861.7
1585 1 100000 71734.0
1585 2 100000 43622.0
1585 3 100000 51827.5
1585 4 100000 64272.5
1585 5 100000 68111.0
1585 6 100000 90227.2
1585 7 100000 88326.2
1585 8 100000 89284.8
1585 9 100000 90787.1
1585 10 100000 86680.3
1610 0 100000 133896.8
1610 1 100000 70932.4
1610 2 100000 44628.8
1610 3 100000 50872.7
1610 4 100000 53565.5
1610 5 100000 56571.6
1610 6 100000 61773.7
1610 7 100000 62567.8
1610 8 100000 60947.4
1610 9 100000 60151.9
1610 10 100000 61452.9
1635 0 100000 133551.8
1635 1 100000 71084.2
1635 2 100000 43860.3
1635 3 100000 49841.2
1635 4 100000 51861.5
1635 5 100000 56476.5
1635 6 100000 62747.5
1635 7 100000 59833.9
1635 8 100000 60016.3
1635 9 100000 61773.2
1635 10 100000 61478.4
1660 0 100000 133764.1
1660 1 100000 71048.8
1660 2 100000 46340.9
1660 3 100000 50450.1
1660 4 100000 53980.0
1660 5 100000 56219.2
1660 6 100000 61501.0
1660 7 100000 62850.4
1660 8 100000 62269.3
1660 9 100000 63224.2
1660 10 100000 60045.6
1685 0 100000 134347.0
1685 1 100000 70881.8
1685 2 100000 42965.4
1685 3 100000 50614.1
1685 4 100000 53435.4
1685 5 100000 55418.5
1685 6 100000 61218.6
1685 7 100000 63060.1
1685 8 100000 60684.9
1685 9 100000 60761.0
1685 10 100000 59839.8
1710 0 100000 134096.1
1710 1 100000 71068.1
1710 2 100000 43407.7
1710 3 100000 49758.6
1710 4 100000 52905.2
1710 5 100000 54938.3
1710 6 100000 62826.9
1710 7 100000 61833.4
1710 8 100000 60729.5
1710 9 100000 61976.2
1710 10 100000 62031.3
1735 0 100000 134118.5
1735 1 100000 71070.9
1735 2 100000 42948.1
1735 3 100000 52246.1
1735 4 100000 53831.5
1735 5 100000 54203.2
1735 6 100000 62054.5
1735 7 100000 62642.1
1735 8 100000 60962.8
1735 9 100000 60686.6
1735 10 100000 62542.0
1760 0 100000 133961.6
1760 1 100000 71290.5
1760 2 100000 42769.0
1760 3 100000 50018.4
1760 4 100000 55052.0
1760 5 100000 57024.4
1760 6 100000 61839.8
1760 7 100000 61835.6
1760 8 100000 60810.4
1760 9 100000 60375.2
1760 10 100000 62093.8
1785 0 100000 133533.4
1785 1 100000 70946.1
1785 2 100000 44497.3
1785 3 100000 49644.1
1785 4 100000 52214.2
1785 5 100000 55709.2
1785 6 100000 61926.8
1785 7 100000 62337.9
1785 8 100000 60873.1
1785 9 100000 62201.0
1785 10 100000 60523.4
1810 0 100000 134133.0
1810 1 100000 71157.3
1810 2 100000 44593.6
1810 3 100000 50706.4
1810 4 100000 50877.3
1810 5 100000 57110.5
1810 6 100000 60444.5
1810 7 100000 57749.1
1810 8 100000 62406.4
1810 9 100000 61606.6
1810 10 100000 62440.4
1835 0 100000 133875.0
1835 1 100000 71073.3
1835 2 100000 44147.4
1835 3 100000 49233.7
1835 4 100000 53754.4
1835 5 100000 55180.0
1835 6 100000 62770.3
1835 7 100000 64124.8
1835 8 100000 65434.7
1835 9 100000 66064.2
1835 10 100000 66396.0
1860 0 100000 133452.2
1860 1 100000 70852.6
1860 2 100000 42937.7
1860 3 100000 50771.1
1860 4 100000 52773.3
1860 5 100000 56127.4
1860 6 100000 66076.6
1860 7 100000 70645.5
1860 8 100000 68390.6
1860 9 100000 70038.0
1860 10 100000 71894.3
1885 0 100000 133774.8
1885 1 100000 71184.1
1885 2 100000 43813.1
1885 3 100000 48271.6
1885 4 100000 53715.7
1885 5 100000 56188.5
1885 6 100000 74916.9
1885 7 100000 74828.2
1885 8 100000 73304.9
1885 9 100000 73791.9
1885 10 100000 71846.2
1910 0 100000 133566.1
1910 1 100000 71280.4
1910 2 100000 43354.5
1910 3 100000 50244.4
1910 4 100000 53932.7
1910 5 100000 60470.6
1910 6 100000 77445.9
1910 7 100000 81841.0
1910 8 100000 82581.9
1910 9 100000 76513.1
1910 10 100000 75319.7
1935 0 100000 133828.9
1935 1 100000 71061.6
1935 2 100000 44766.3
1935 3 100000 50811.5
1935 4 100000 54377.2
1935 5 100000 64355.3
1935 6 100000 82795.2
1935 7 100000 80264.6
1935 8 100000 86275.0
1935 9 100000 85165.9
1935 10 100000 84850.9
1960 0 100000 133566.6
1960 1 100000 71154.5
1960 2 100000 43335.7
1960 3 100000 51183.1
1960 4 100000 59907.7
1960 5 100000 68711.4
1960 6 100000 86676.2
1960 7 100000 81888.7
1960 8 100000 86100.5
1960 9 100000 81643.1
1960 10 100000 80365.2
1985 0 100000 133490.6
1985 1 100000 70758.1
1985 2 100000 44000.0
1985 3 100000 48939.6
1985 4 100000 56719.6
1985 5 100000 65819.4
1985 6 100000 82869.5
1985 7 100000 88492.0
1985 8 100000 84821.4
1985 9 100000 85528.0
1985 10 100000 85435.8
2010 0 100000 133799.5
2010 1 100000 70795.9
2010 2 100000 43513.3
2010 3 100000 51333.6
2010 4 100000 62449.1
2010 5 100000 70055.7
2010 6 100000 88315.7
2010 7 100000 90187.2
2010 8 100000 87441.8
2010 9 100000 86823.6
2010 10 100000 87481.9
