split_threshold max_recursion_depth n time
10 0 1000 5019.8
10 1 1000 4189.9
10 2 1000 4412.1
10 3 1000 5223.1
10 4 1000 24569.2
10 5 1000 28159.0
10 6 1000 53407.3
10 7 1000 104858.4
10 8 1000 104150.6
10 9 1000 103982.5
10 10 1000 104694.0
35 0 1000 3403.0
35 1 1000 3542.3
35 2 1000 4349.5
35 3 1000 6816.8
35 4 1000 13221.2
35 5 1000 25574.7
35 6 1000 27283.8
35 7 1000 26941.1
35 8 1000 28794.6
35 9 1000 27285.6
35 10 1000 26401.6
60 0 1000 3304.0
60 1 1000 3319.4
60 2 1000 3715.8
60 3 1000 7033.6
60 4 1000 13960.8
60 5 1000 29321.3
60 6 1000 26024.6
60 7 1000 27235.6
60 8 1000 28188.1
60 9 1000 26947.4
60 10 1000 26763.5
85 0 1000 3234.7
85 1 1000 3283.0
85 2 1000 4280.6
85 3 1000 7622.9
85 4 1000 13276.6
85 5 1000 13692.2
85 6 1000 13210.5
85 7 1000 13551.5
85 8 1000 12829.9
85 9 1000 13182.9
85 10 1000 13659.0
110 0 1000 5356.8
110 1 1000 4917.5
110 2 1000 4495.2
110 3 1000 7527.0
110 4 1000 10741.1
110 5 1000 11296.2
110 6 1000 12014.8
110 7 1000 14607.0
110 8 1000 14681.6
110 9 1000 12954.5
110 10 1000 9399.7
135 0 1000 5307.7
135 1 1000 3282.3
135 2 1000 3719.2
135 3 1000 6138.3
135 4 1000 4930.4
135 5 1000 5152.6
135 6 1000 5607.4
135 7 1000 6290.2
135 8 1000 4544.8
135 9 1000 4528.1
135 10 1000 5088.8
160 0 1000 3485.3
160 1 1000 3290.8
160 2 1000 3619.1
160 3 1000 6051.0
160 4 1000 5220.9
160 5 1000 4668.8
160 6 1000 5766.7
160 7 1000 5324.6
160 8 1000 5537.2
160 9 1000 5855.0
160 10 1000 5318.2
185 0 1000 3150.7
185 1 1000 3264.0
185 2 1000 3750.4
185 3 1000 4666.8
185 4 1000 5072.4
185 5 1000 5556.1
185 6 1000 5085.3
185 7 1000 5560.7
185 8 1000 4905.0
185 9 1000 4671.2
185 10 1000 5260.6
210 0 1000 3419.8
210 1 1000 3319.6
210 2 1000 3483.3
210 3 1000 4906.6
210 4 1000 6038.5
210 5 1000 5471.3
210 6 1000 5906.1
210 7 1000 6133.3
210 8 1000 5890.7
210 9 1000 4959.2
210 10 1000 5676.9
235 0 1000 3237.3
235 1 1000 3276.5
235 2 1000 3586.7
235 3 1000 6263.8
235 4 1000 6067.8
235 5 1000 6415.2
235 6 1000 5284.6
235 7 1000 4996.5
235 8 1000 5107.4
235 9 1000 5508.1
235 10 1000 5827.0
260 0 1000 3284.8
260 1 1000 3374.1
260 2 1000 3678.5
260 3 1000 3764.2
260 4 1000 3581.9
260 5 1000 3676.3
260 6 1000 3568.0
260 7 1000 3625.7
260 8 1000 3536.8
260 9 1000 3634.6
260 10 1000 3583.1
285 0 1000 3395.7
285 1 1000 3636.9
285 2 1000 3679.6
285 3 1000 3661.9
285 4 1000 3784.0
285 5 1000 3813.8
285 6 1000 3612.6
285 7 1000 3739.5
285 8 1000 3979.0
285 9 1000 3578.0
285 10 1000 3615.4
310 0 1000 3154.5
310 1 1000 3371.9
310 2 1000 3650.9
310 3 1000 3747.7
310 4 1000 3885.9
310 5 1000 3749.3
310 6 1000 3796.5
310 7 1000 3633.5
310 8 1000 3763.9
310 9 1000 3672.6
310 10 1000 3678.4
335 0 1000 4258.4
335 1 1000 3302.9
335 2 1000 3665.1
335 3 1000 3748.2
335 4 1000 4153.4
335 5 1000 3579.4
335 6 1000 3581.7
335 7 1000 3624.6
335 8 1000 3522.9
335 9 1000 3588.4
335 10 1000 3603.8
360 0 1000 3435.7
360 1 1000 3518.4
360 2 1000 3545.4
360 3 1000 3776.2
360 4 1000 3683.2
360 5 1000 3669.0
360 6 1000 3627.9
360 7 1000 3647.4
360 8 1000 3543.1
360 9 1000 3598.2
360 10 1000 3601.2
385 0 1000 3244.2
385 1 1000 3419.0
385 2 1000 3597.4
385 3 1000 3597.2
385 4 1000 3664.7
385 5 1000 3743.1
385 6 1000 3635.8
385 7 1000 3639.2
385 8 1000 3561.7
385 9 1000 3773.4
385 10 1000 3618.3
410 0 1000 3174.4
410 1 1000 3382.5
410 2 1000 3846.8
410 3 1000 3749.4
410 4 1000 3854.0
410 5 1000 3633.5
410 6 1000 3756.8
410 7 1000 3631.6
410 8 1000 3675.1
410 9 1000 3906.0
410 10 1000 3724.6
435 0 1000 3126.8
435 1 1000 3289.7
435 2 1000 3597.8
435 3 1000 3686.5
435 4 1000 3607.1
435 5 1000 3599.6
435 6 1000 3683.0
435 7 1000 3549.5
435 8 1000 3794.6
435 9 1000 3596.5
435 10 1000 3781.2
460 0 1000 4037.5
460 1 1000 3319.5
460 2 1000 3492.8
460 3 1000 3731.9
460 4 1000 3774.9
460 5 1000 3926.1
460 6 1000 3737.8
460 7 1000 3727.4
460 8 1000 3751.5
460 9 1000 3851.5
460 10 1000 3708.6
485 0 1000 4203.4
485 1 1000 3558.2
485 2 1000 3671.2
485 3 1000 3759.8
485 4 1000 3777.3
485 5 1000 3604.1
485 6 1000 3989.2
485 7 1000 3845.1
485 8 1000 3624.2
485 9 1000 3939.6
485 10 1000 3883.2
510 0 1000 3579.0
510 1 1000 3410.6
510 2 1000 3508.6
510 3 1000 3455.5
510 4 1000 3433.9
510 5 1000 4367.0
510 6 1000 3397.2
510 7 1000 3412.7
510 8 1000 3500.5
510 9 1000 4425.8
510 10 1000 3388.7
535 0 1000 3499.0
535 1 1000 3611.4
535 2 1000 3399.0
535 3 1000 3507.2
535 4 1000 3423.3
535 5 1000 3432.3
535 6 1000 3503.5
535 7 1000 3439.6
535 8 1000 3436.9
535 9 1000 4488.9
535 10 1000 3462.2
560 0 1000 3501.8
560 1 1000 3496.1
560 2 1000 3411.0
560 3 1000 3885.6
560 4 1000 3438.9
560 5 1000 3378.5
560 6 1000 3489.7
560 7 1000 3467.7
560 8 1000 4592.0
560 9 1000 3418.3
560 10 1000 3368.4
585 0 1000 4359.1
585 1 1000 3449.1
585 2 1000 3396.7
585 3 1000 3446.4
585 4 1000 3553.1
585 5 1000 3489.2
585 6 1000 3471.9
585 7 1000 3466.5
585 8 1000 3512.0
585 9 1000 3493.3
585 10 1000 3431.7
610 0 1000 3655.6
610 1 1000 3390.1
610 2 1000 3705.6
610 3 1000 3539.4
610 4 1000 3461.9
610 5 1000 3410.4
610 6 1000 3414.8
610 7 1000 3491.8
610 8 1000 3450.8
610 9 1000 3538.0
610 10 1000 3376.5
635 0 1000 3449.3
635 1 1000 3558.6
635 2 1000 3396.6
635 3 1000 3435.7
635 4 1000 3477.7
635 5 1000 3527.8
635 6 1000 3493.8
635 7 1000 3405.7
635 8 1000 3526.3
635 9 1000 3365.7
635 10 1000 3441.6
660 0 1000 3474.7
660 1 1000 3466.6
660 2 1000 3487.6
660 3 1000 3384.2
660 4 1000 3415.0
660 5 1000 3473.1
660 6 1000 3513.4
660 7 1000 3467.6
660 8 1000 3504.6
660 9 1000 3477.2
660 10 1000 3508.1
685 0 1000 3505.8
685 1 1000 3489.8
685 2 1000 3451.5
685 3 1000 3435.5
685 4 1000 3403.8
685 5 1000 3474.3
685 6 1000 3449.9
685 7 1000 3613.7
685 8 1000 3379.4
685 9 1000 3414.9
685 10 1000 3417.2
710 0 1000 3521.7
710 1 1000 3412.2
710 2 1000 3441.2
710 3 1000 3471.6
710 4 1000 3395.2
710 5 1000 4546.9
710 6 1000 3413.5
710 7 1000 3495.3
710 8 1000 3433.1
710 9 1000 3413.5
710 10 1000 3499.8
735 0 1000 3486.2
735 1 1000 3513.5
735 2 1000 3393.4
735 3 1000 3459.2
735 4 1000 3462.2
735 5 1000 3486.1
735 6 1000 3460.9
735 7 1000 3485.0
735 8 1000 3390.6
735 9 1000 3411.0
735 10 1000 3417.9
760 0 1000 3436.6
760 1 1000 3513.5
760 2 1000 3583.4
760 3 1000 3396.4
760 4 1000 3669.2
760 5 1000 3430.4
760 6 1000 3540.6
760 7 1000 3492.6
760 8 1000 3473.6
760 9 1000 3416.6
760 10 1000 3425.0
785 0 1000 4326.3
785 1 1000 3451.1
785 2 1000 3468.6
785 3 1000 3377.8
785 4 1000 3452.9
785 5 1000 3469.7
785 6 1000 3499.8
785 7 1000 3490.5
785 8 1000 3687.7
785 9 1000 3481.2
785 10 1000 4341.1
810 0 1000 4553.2
810 1 1000 3483.3
810 2 1000 3472.0
810 3 1000 4518.2
810 4 1000 3499.3
810 5 1000 3442.8
810 6 1000 3507.8
810 7 1000 3510.2
810 8 1000 3738.0
810 9 1000 3433.5
810 10 1000 3430.6
835 0 1000 3453.3
835 1 1000 3470.8
835 2 1000 3486.5
835 3 1000 3514.9
835 4 1000 3431.1
835 5 1000 3401.4
835 6 1000 3455.8
835 7 1000 3426.4
835 8 1000 3415.2
835 9 1000 3404.9
835 10 1000 4335.6
860 0 1000 4390.7
860 1 1000 3436.4
860 2 1000 3407.6
860 3 1000 3860.4
860 4 1000 3506.7
860 5 1000 3467.2
860 6 1000 3451.9
860 7 1000 3447.0
860 8 1000 3477.0
860 9 1000 3466.7
860 10 1000 3537.4
885 0 1000 3553.5
885 1 1000 3440.5
885 2 1000 3456.8
885 3 1000 3464.3
885 4 1000 3619.7
885 5 1000 3369.4
885 6 1000 3439.8
885 7 1000 3485.3
885 8 1000 3417.3
885 9 1000 3584.1
885 10 1000 3391.0
910 0 1000 3510.1
910 1 1000 3381.5
910 2 1000 3518.6
910 3 1000 3505.1
910 4 1000 3505.9
910 5 1000 3409.6
910 6 1000 3432.4
910 7 1000 3467.0
910 8 1000 3481.8
910 9 1000 3484.7
910 10 1000 3486.2
935 0 1000 4496.4
935 1 1000 3542.3
935 2 1000 3392.2
935 3 1000 3431.7
935 4 1000 3401.8
935 5 1000 3495.0
935 6 1000 3505.7
935 7 1000 3478.2
935 8 1000 3486.9
935 9 1000 3577.1
935 10 1000 3486.4
960 0 1000 3542.9
960 1 1000 3473.5
960 2 1000 3480.2
960 3 1000 3485.2
960 4 1000 3433.0
960 5 1000 3520.1
960 6 1000 5018.4
960 7 1000 3484.8
960 8 1000 3455.6
960 9 1000 3477.0
960 10 1000 3449.9
985 0 1000 4305.9
985 1 1000 3424.3
985 2 1000 3497.3
985 3 1000 3388.6
985 4 1000 3490.8
985 5 1000 3422.1
985 6 1000 3433.4
985 7 1000 3433.6
985 8 1000 3463.9
985 9 1000 3475.7
985 10 1000 3444.8
1010 0 1000 4187.8
1010 1 1000 3815.0
1010 2 1000 4662.2
1010 3 1000 3864.9
1010 4 1000 3962.7
1010 5 1000 3940.4
1010 6 1000 4594.4
1010 7 1000 3839.4
1010 8 1000 3884.6
1010 9 1000 3884.4
1010 10 1000 3905.0
1035 0 1000 4657.6
1035 1 1000 4763.0
1035 2 1000 3959.0
1035 3 1000 3833.0
1035 4 1000 3917.5
1035 5 1000 3958.2
1035 6 1000 3932.2
1035 7 1000 3899.3
1035 8 1000 4122.6
1035 9 1000 4776.5
1035 10 1000 4605.4
1060 0 1000 3890.3
1060 1 1000 3875.5
1060 2 1000 3994.0
1060 3 1000 3901.3
1060 4 1000 3918.9
1060 5 1000 3809.3
1060 6 1000 3846.9
1060 7 1000 3892.1
1060 8 1000 3937.8
1060 9 1000 4218.6
1060 10 1000 3843.3
1085 0 1000 3824.3
1085 1 1000 3835.5
1085 2 1000 4587.5
1085 3 1000 4967.9
1085 4 1000 4632.0
1085 5 1000 3856.3
1085 6 1000 3942.0
1085 7 1000 3931.2
1085 8 1000 3925.1
1085 9 1000 4746.9
1085 10 1000 3974.8
1110 0 1000 3863.2
1110 1 1000 3994.8
1110 2 1000 3904.5
1110 3 1000 3920.9
1110 4 1000 3862.8
1110 5 1000 3945.4
1110 6 1000 3909.4
1110 7 1000 3895.9
1110 8 1000 3806.3
1110 9 1000 3901.3
1110 10 1000 4564.5
1135 0 1000 3839.1
1135 1 1000 3976.5
1135 2 1000 3950.9
1135 3 1000 4681.3
1135 4 1000 4767.3
1135 5 1000 3904.9
1135 6 1000 3978.4
1135 7 1000 3957.3
1135 8 1000 3927.7
1135 9 1000 3863.6
1135 10 1000 3958.4
1160 0 1000 3935.5
1160 1 1000 3957.3
1160 2 1000 3973.9
1160 3 1000 3961.4
1160 4 1000 4080.6
1160 5 1000 3879.2
1160 6 1000 3972.4
1160 7 1000 4705.6
1160 8 1000 3896.8
1160 9 1000 3897.9
1160 10 1000 3862.9
1185 0 1000 3845.4
1185 1 1000 3971.3
1185 2 1000 3912.2
1185 3 1000 4676.0
1185 4 1000 3920.2
1185 5 1000 3982.9
1185 6 1000 4723.5
1185 7 1000 3892.0
1185 8 1000 4714.0
1185 9 1000 4745.9
1185 10 1000 3828.3
1210 0 1000 3806.0
1210 1 1000 3843.7
1210 2 1000 3970.7
1210 3 1000 3883.5
1210 4 1000 3952.7
1210 5 1000 3908.6
1210 6 1000 3974.0
1210 7 1000 3949.5
1210 8 1000 3861.6
1210 9 1000 3928.5
1210 10 1000 3866.1
1235 0 1000 3823.1
1235 1 1000 3972.0
1235 2 1000 3933.0
1235 3 1000 3902.3
1235 4 1000 3884.1
1235 5 1000 3981.0
1235 6 1000 3845.1
1235 7 1000 3904.9
1235 8 1000 4708.5
1235 9 1000 3902.4
1235 10 1000 4020.6
1260 0 1000 3909.8
1260 1 1000 3965.2
1260 2 1000 3905.2
1260 3 1000 3902.6
1260 4 1000 3922.3
1260 5 1000 3861.1
1260 6 1000 4109.2
1260 7 1000 3915.7
1260 8 1000 3953.6
1260 9 1000 3890.1
1260 10 1000 4014.7
1285 0 1000 3944.6
1285 1 1000 3967.2
1285 2 1000 3884.7
1285 3 1000 3980.2
1285 4 1000 4067.6
1285 5 1000 3882.2
1285 6 1000 4679.7
1285 7 1000 3945.3
1285 8 1000 3915.2
1285 9 1000 3884.5
1285 10 1000 3954.1
1310 0 1000 3791.0
1310 1 1000 3963.3
1310 2 1000 3907.0
1310 3 1000 3945.0
1310 4 1000 3959.3
1310 5 1000 4747.7
1310 6 1000 3843.6
1310 7 1000 3937.0
1310 8 1000 4085.0
1310 9 1000 4755.0
1310 10 1000 3936.1
1335 0 1000 3793.6
1335 1 1000 4690.7
1335 2 1000 3852.9
1335 3 1000 3894.1
1335 4 1000 5910.8
1335 5 1000 3848.0
1335 6 1000 4078.7
1335 7 1000 3954.8
1335 8 1000 4007.9
1335 9 1000 3964.1
1335 10 1000 3829.1
1360 0 1000 4730.1
1360 1 1000 3918.2
1360 2 1000 3844.1
1360 3 1000 3908.5
1360 4 1000 4068.9
1360 5 1000 4111.9
1360 6 1000 3843.3
1360 7 1000 3851.9
1360 8 1000 3931.1
1360 9 1000 3889.1
1360 10 1000 3847.1
1385 0 1000 4691.2
1385 1 1000 3850.2
1385 2 1000 3930.6
1385 3 1000 4844.8
1385 4 1000 3867.1
1385 5 1000 3977.0
1385 6 1000 3851.3
1385 7 1000 4746.6
1385 8 1000 3922.8
1385 9 1000 3903.3
1385 10 1000 3899.4
1410 0 1000 3909.1
1410 1 1000 3935.1
1410 2 1000 3950.4
1410 3 1000 3954.6
1410 4 1000 3914.6
1410 5 1000 3833.4
1410 6 1000 3849.6
1410 7 1000 4815.1
1410 8 1000 3941.6
1410 9 1000 3951.3
1410 10 1000 3908.2
1435 0 1000 3939.0
1435 1 1000 3935.9
1435 2 1000 3847.0
1435 3 1000 3821.4
1435 4 1000 3919.6
1435 5 1000 3843.9
1435 6 1000 3952.7
1435 7 1000 4724.1
1435 8 1000 4053.0
1435 9 1000 3935.0
1435 10 1000 4584.8
1460 0 1000 3915.7
1460 1 1000 4913.4
1460 2 1000 3958.5
1460 3 1000 3919.5
1460 4 1000 3924.7
1460 5 1000 3859.5
1460 6 1000 3909.8
1460 7 1000 3882.8
1460 8 1000 3830.6
1460 9 1000 4705.7
1460 10 1000 3824.2
1485 0 1000 3890.9
1485 1 1000 4038.5
1485 2 1000 3981.0
1485 3 1000 4057.8
1485 4 1000 4975.5
1485 5 1000 3838.0
1485 6 1000 4710.3
1485 7 1000 3938.3
1485 8 1000 3973.3
1485 9 1000 4650.4
1485 10 1000 4019.7
1510 0 1000 4611.7
1510 1 1000 4006.6
1510 2 1000 3999.8
1510 3 1000 3872.5
1510 4 1000 4647.8
1510 5 1000 3938.3
1510 6 1000 3949.0
1510 7 1000 3939.8
1510 8 1000 3982.9
1510 9 1000 3943.4
1510 10 1000 4790.6
1535 0 1000 3821.3
1535 1 1000 3966.4
1535 2 1000 3810.6
1535 3 1000 4758.3
1535 4 1000 4010.6
1535 5 1000 3887.6
1535 6 1000 3900.5
1535 7 1000 3938.3
1535 8 1000 3963.5
1535 9 1000 3870.6
1535 10 1000 3916.5
1560 0 1000 3953.2
1560 1 1000 3816.2
1560 2 1000 3978.9
1560 3 1000 3926.1
1560 4 1000 3803.9
1560 5 1000 4769.0
1560 6 1000 4640.2
1560 7 1000 4065.1
1560 8 1000 4670.5
1560 9 1000 3972.1
1560 10 1000 3969.9
1585 0 1000 4964.0
1585 1 1000 3942.0
1585 2 1000 3870.2
1585 3 1000 4764.0
1585 4 1000 3977.9
1585 5 1000 4058.6
1585 6 1000 3974.9
1585 7 1000 3954.6
1585 8 1000 3850.2
1585 9 1000 4015.3
1585 10 1000 3931.3
1610 0 1000 3820.8
1610 1 1000 3837.1
1610 2 1000 3938.2
1610 3 1000 3935.6
1610 4 1000 3858.0
1610 5 1000 3887.9
1610 6 1000 3897.9
1610 7 1000 3840.4
1610 8 1000 3946.6
1610 9 1000 3821.5
1610 10 1000 4709.9
1635 0 1000 3821.3
1635 1 1000 3903.3
1635 2 1000 3846.8
1635 3 1000 4734.6
1635 4 1000 3909.4
1635 5 1000 4058.4
1635 6 1000 3894.0
1635 7 1000 3820.7
1635 8 1000 3918.8
1635 9 1000 3996.6
1635 10 1000 3974.9
1660 0 1000 3956.7
1660 1 1000 3899.6
1660 2 1000 4018.6
1660 3 1000 3927.3
1660 4 1000 3923.4
1660 5 1000 4030.7
1660 6 1000 4050.1
1660 7 1000 3977.3
1660 8 1000 3917.7
1660 9 1000 4696.2
1660 10 1000 3895.0
1685 0 1000 3925.1
1685 1 1000 3815.0
1685 2 1000 3956.9
1685 3 1000 3957.6
1685 4 1000 3971.3
1685 5 1000 10686.7
1685 6 1000 4827.0
1685 7 1000 3931.2
1685 8 1000 3957.3
1685 9 1000 3992.1
1685 10 1000 4870.6
1710 0 1000 4025.3
1710 1 1000 3931.6
1710 2 1000 3936.8
1710 3 1000 4014.3
1710 4 1000 3900.6
1710 5 1000 3944.9
1710 6 1000 3947.1
1710 7 1000 3873.5
1710 8 1000 3979.1
1710 9 1000 3929.2
1710 10 1000 3960.8
1735 0 1000 3964.9
1735 1 1000 3877.1
1735 2 1000 3819.6
1735 3 1000 3971.0
1735 4 1000 3945.7
1735 5 1000 3961.5
1735 6 1000 3922.0
1735 7 1000 3963.2
1735 8 1000 3834.2
1735 9 1000 3883.7
1735 10 1000 3972.5
1760 0 1000 4730.6
1760 1 1000 3897.3
1760 2 1000 3969.4
1760 3 1000 3961.0
1760 4 1000 3972.3
1760 5 1000 3953.9
1760 6 1000 3979.1
1760 7 1000 4086.4
1760 8 1000 3908.7
1760 9 1000 3920.1
1760 10 1000 4002.4
1785 0 1000 3906.4
1785 1 1000 3928.5
1785 2 1000 4028.5
1785 3 1000 3928.1
1785 4 1000 3884.4
1785 5 1000 3853.8
1785 6 1000 3992.7
1785 7 1000 3856.8
1785 8 1000 3920.4
1785 9 1000 4728.4
1785 10 1000 3928.1
1810 0 1000 3893.5
1810 1 1000 3983.5
1810 2 1000 4756.0
1810 3 1000 3929.9
1810 4 1000 3923.0
1810 5 1000 4728.8
1810 6 1000 4123.7
1810 7 1000 3956.0
1810 8 1000 3910.4
1810 9 1000 3856.4
1810 10 1000 4905.3
1835 0 1000 3941.0
1835 1 1000 3995.6
1835 2 1000 3912.8
1835 3 1000 3849.9
1835 4 1000 3999.0
1835 5 1000 3877.2
1835 6 1000 3942.6
1835 7 1000 3968.6
1835 8 1000 3962.3
1835 9 1000 3981.8
1835 10 1000 4014.6
1860 0 1000 3934.8
1860 1 1000 3994.3
1860 2 1000 4687.3
1860 3 1000 3986.6
1860 4 1000 3851.5
1860 5 1000 3958.3
1860 6 1000 4861.0
1860 7 1000 4714.7
1860 8 1000 3881.4
1860 9 1000 3914.0
1860 10 1000 3883.2
1885 0 1000 3975.3
1885 1 1000 3992.3
1885 2 1000 3924.8
1885 3 1000 3937.5
1885 4 1000 3973.6
1885 5 1000 3943.2
1885 6 1000 3947.3
1885 7 1000 3923.4
1885 8 1000 3980.4
1885 9 1000 3966.2
1885 10 1000 3984.5
1910 0 1000 3941.2
1910 1 1000 4038.9
1910 2 1000 4019.7
1910 3 1000 3905.4
1910 4 1000 3938.9
1910 5 1000 4002.6
1910 6 1000 3936.9
1910 7 1000 3933.0
1910 8 1000 4106.6
1910 9 1000 3930.5
1910 10 1000 4016.0
1935 0 1000 3940.1
1935 1 1000 3907.0
1935 2 1000 3920.0
1935 3 1000 4035.3
1935 4 1000 3928.0
1935 5 1000 4115.4
1935 6 1000 3970.6
1935 7 1000 3880.5
1935 8 1000 3925.1
1935 9 1000 3970.7
1935 10 1000 3917.8
1960 0 1000 4772.1
1960 1 1000 3992.7
1960 2 1000 3862.7
1960 3 1000 4002.3
1960 4 1000 4865.4
1960 5 1000 3945.1
1960 6 1000 3948.5
1960 7 1000 4000.6
1960 8 1000 4057.3
1960 9 1000 4003.1
1960 10 1000 3996.8
1985 0 1000 5041.2
1985 1 1000 3972.7
1985 2 1000 3804.8
1985 3 1000 3957.8
1985 4 1000 4039.8
1985 5 1000 3923.1
1985 6 1000 3929.9
1985 7 1000 3938.2
1985 8 1000 3960.6
1985 9 1000 3963.0
1985 10 1000 3967.9
2010 0 1000 3946.1
2010 1 1000 3869.6
2010 2 1000 3985.3
2010 3 1000 4664.1
2010 4 1000 3938.3
2010 5 1000 3971.6
2010 6 1000 3974.4
2010 7 1000 3988.8
2010 8 1000 3907.1
2010 9 1000 3936.5
2010 10 1000 4001.9
10 0 10000 6381.1
10 1 10000 8902.0
10 2 10000 8402.2
10 3 10000 9586.2
10 4 10000 10679.6
10 5 10000 15688.2
10 6 10000 30743.1
10 7 10000 50330.6
10 8 10000 94688.3
10 9 10000 197970.2
10 10 10000 413571.2
35 0 10000 6421.7
35 1 10000 6075.5
35 2 10000 6229.0
35 3 10000 6718.6
35 4 10000 8712.2
35 5 10000 12781.4
35 6 10000 26026.3
35 7 10000 46300.3
35 8 10000 94056.1
35 9 10000 198524.6
35 10 10000 190068.8
60 0 10000 5440.8
60 1 10000 4832.0
60 2 10000 5182.5
60 3 10000 5949.4
60 4 10000 7915.3
60 5 10000 14581.4
60 6 10000 26644.6
60 7 10000 48650.4
60 8 10000 101087.6
60 9 10000 90757.0
60 10 10000 93572.9
85 0 10000 6136.8
85 1 10000 4395.7
85 2 10000 4754.0
85 3 10000 5946.4
85 4 10000 7435.2
85 5 10000 15527.5
85 6 10000 26896.8
85 7 10000 53065.3
85 8 10000 46827.9
85 9 10000 48710.7
85 10 10000 46501.6
110 0 10000 4690.9
110 1 10000 4531.0
110 2 10000 4717.9
110 3 10000 5514.7
110 4 10000 8265.8
110 5 10000 14659.2
110 6 10000 26744.3
110 7 10000 54315.6
110 8 10000 49479.0
110 9 10000 47423.5
110 10 10000 53369.3
135 0 10000 8305.6
135 1 10000 4423.8
135 2 10000 4669.6
135 3 10000 5767.5
135 4 10000 8726.3
135 5 10000 15347.0
135 6 10000 26713.0
135 7 10000 51547.2
135 8 10000 54872.1
135 9 10000 48434.2
135 10 10000 48748.8
160 0 10000 5133.2
160 1 10000 4589.9
160 2 10000 4818.3
160 3 10000 5805.4
160 4 10000 9404.7
160 5 10000 13460.3
160 6 10000 29204.6
160 7 10000 27852.3
160 8 10000 30834.6
160 9 10000 26194.3
160 10 10000 25927.9
185 0 10000 6129.8
185 1 10000 5570.1
185 2 10000 4903.9
185 3 10000 5650.5
185 4 10000 7586.4
185 5 10000 17391.7
185 6 10000 27183.7
185 7 10000 26163.2
185 8 10000 25806.4
185 9 10000 27447.8
185 10 10000 25852.8
210 0 10000 6257.9
210 1 10000 4474.9
210 2 10000 4831.5
210 3 10000 5729.5
210 4 10000 7531.0
210 5 10000 14282.3
210 6 10000 27562.0
210 7 10000 26532.7
210 8 10000 26552.1
210 9 10000 26162.7
210 10 10000 25590.3
235 0 10000 5841.2
235 1 10000 4560.5
235 2 10000 4963.3
235 3 10000 5623.0
235 4 10000 7963.2
235 5 10000 14277.9
235 6 10000 26548.4
235 7 10000 25843.0
235 8 10000 26545.7
235 9 10000 24550.6
235 10 10000 26477.2
260 0 10000 5726.1
260 1 10000 4533.8
260 2 10000 4744.2
260 3 10000 5954.6
260 4 10000 8757.8
260 5 10000 13909.0
260 6 10000 27426.5
260 7 10000 24580.2
260 8 10000 28307.5
260 9 10000 26581.4
260 10 10000 24333.1
285 0 10000 5661.9
285 1 10000 4556.4
285 2 10000 4618.2
285 3 10000 5843.6
285 4 10000 8720.7
285 5 10000 14510.9
285 6 10000 27583.0
285 7 10000 25789.0
285 8 10000 26215.0
285 9 10000 25370.5
285 10 10000 24880.3
310 0 10000 5666.0
310 1 10000 4591.7
310 2 10000 4817.9
310 3 10000 5727.0
310 4 10000 8701.9
310 5 10000 14073.9
310 6 10000 30591.0
310 7 10000 24493.1
310 8 10000 25065.4
310 9 10000 25699.4
310 10 10000 27130.0
335 0 10000 6154.4
335 1 10000 4990.6
335 2 10000 4814.0
335 3 10000 6719.8
335 4 10000 8511.9
335 5 10000 12797.2
335 6 10000 12958.0
335 7 10000 15650.2
335 8 10000 14508.4
335 9 10000 12425.0
335 10 10000 13644.7
360 0 10000 6139.3
360 1 10000 5079.0
360 2 10000 4955.7
360 3 10000 6226.1
360 4 10000 8227.7
360 5 10000 14756.3
360 6 10000 14982.7
360 7 10000 16313.5
360 8 10000 13520.7
360 9 10000 13271.0
360 10 10000 12436.2
385 0 10000 6086.3
385 1 10000 5196.3
385 2 10000 5129.7
385 3 10000 6428.0
385 4 10000 8183.0
385 5 10000 12981.0
385 6 10000 13677.0
385 7 10000 11941.4
385 8 10000 13155.3
385 9 10000 14936.3
385 10 10000 12474.0
410 0 10000 6854.1
410 1 10000 5024.4
410 2 10000 5280.2
410 3 10000 6415.5
410 4 10000 7854.4
410 5 10000 12307.1
410 6 10000 12797.0
410 7 10000 13424.5
410 8 10000 14109.1
410 9 10000 14473.7
410 10 10000 12188.8
435 0 10000 6713.6
435 1 10000 5190.4
435 2 10000 4750.4
435 3 10000 6191.6
435 4 10000 8793.8
435 5 10000 13642.3
435 6 10000 13510.6
435 7 10000 15306.7
435 8 10000 13697.3
435 9 10000 13267.6
435 10 10000 12974.6
460 0 10000 6150.1
460 1 10000 5003.4
460 2 10000 5217.8
460 3 10000 5922.7
460 4 10000 9949.8
460 5 10000 14407.9
460 6 10000 13871.9
460 7 10000 14717.5
460 8 10000 15252.2
460 9 10000 14507.5
460 10 10000 13136.2
485 0 10000 6215.0
485 1 10000 5075.9
485 2 10000 5155.4
485 3 10000 6304.4
485 4 10000 10038.9
485 5 10000 14489.4
485 6 10000 13121.4
485 7 10000 12938.6
485 8 10000 13998.5
485 9 10000 12641.2
485 10 10000 13895.4
510 0 10000 6131.1
510 1 10000 5095.9
510 2 10000 5126.1
510 3 10000 6607.9
510 4 10000 9479.5
510 5 10000 12724.1
510 6 10000 15400.0
510 7 10000 13619.7
510 8 10000 13262.2
510 9 10000 13402.8
510 10 10000 13252.9
535 0 10000 6171.3
535 1 10000 4935.6
535 2 10000 4978.5
535 3 10000 6379.6
535 4 10000 8621.8
535 5 10000 14590.7
535 6 10000 14214.6
535 7 10000 13722.0
535 8 10000 14498.9
535 9 10000 14829.8
535 10 10000 13201.3
560 0 10000 6130.5
560 1 10000 5082.7
560 2 10000 5183.4
560 3 10000 7272.3
560 4 10000 9644.5
560 5 10000 13022.8
560 6 10000 15331.6
560 7 10000 13333.4
560 8 10000 14623.3
560 9 10000 13286.4
560 10 10000 11473.7
585 0 10000 6152.7
585 1 10000 4991.9
585 2 10000 5132.6
585 3 10000 6250.9
585 4 10000 8898.1
585 5 10000 14476.1
585 6 10000 13928.3
585 7 10000 13908.5
585 8 10000 13115.3
585 9 10000 13776.9
585 10 10000 12898.7
610 0 10000 6113.9
610 1 10000 5101.4
610 2 10000 5243.5
610 3 10000 6608.1
610 4 10000 8015.4
610 5 10000 15166.1
610 6 10000 16661.7
610 7 10000 11917.4
610 8 10000 13638.6
610 9 10000 13746.7
610 10 10000 12840.6
635 0 10000 8362.9
635 1 10000 6172.8
635 2 10000 5975.5
635 3 10000 7971.0
635 4 10000 8494.9
635 5 10000 9045.7
635 6 10000 8477.9
635 7 10000 9370.0
635 8 10000 9933.6
635 9 10000 8568.9
635 10 10000 8534.9
660 0 10000 8306.3
660 1 10000 6121.0
660 2 10000 6345.7
660 3 10000 7175.4
660 4 10000 9501.1
660 5 10000 8923.0
660 6 10000 10644.4
660 7 10000 9683.6
660 8 10000 8643.3
660 9 10000 10979.7
660 10 10000 9022.8
685 0 10000 8356.5
685 1 10000 6177.8
685 2 10000 6532.8
685 3 10000 8093.2
685 4 10000 8379.9
685 5 10000 9702.6
685 6 10000 9487.1
685 7 10000 10040.6
685 8 10000 9293.8
685 9 10000 8459.2
685 10 10000 8538.2
710 0 10000 8521.1
710 1 10000 6223.0
710 2 10000 6419.9
710 3 10000 7569.3
710 4 10000 10683.6
710 5 10000 8669.6
710 6 10000 10160.0
710 7 10000 10099.7
710 8 10000 9270.7
710 9 10000 9431.6
710 10 10000 8571.1
735 0 10000 8368.5
735 1 10000 6213.6
735 2 10000 6166.5
735 3 10000 7389.1
735 4 10000 8664.2
735 5 10000 9158.6
735 6 10000 8831.5
735 7 10000 9293.6
735 8 10000 10444.3
735 9 10000 9942.9
735 10 10000 9459.2
760 0 10000 8241.8
760 1 10000 6993.2
760 2 10000 6090.2
760 3 10000 7399.2
760 4 10000 11003.7
760 5 10000 8621.2
760 6 10000 9910.2
760 7 10000 8757.5
760 8 10000 8867.0
760 9 10000 9819.6
760 10 10000 8465.2
785 0 10000 8298.8
785 1 10000 6090.5
785 2 10000 5802.1
785 3 10000 7238.4
785 4 10000 10021.9
785 5 10000 9625.9
785 6 10000 10510.4
785 7 10000 9431.9
785 8 10000 10628.4
785 9 10000 8680.1
785 10 10000 10310.7
810 0 10000 8328.4
810 1 10000 6125.4
810 2 10000 5703.6
810 3 10000 7303.7
810 4 10000 10427.1
810 5 10000 9101.4
810 6 10000 10911.0
810 7 10000 9550.0
810 8 10000 9814.0
810 9 10000 9828.8
810 10 10000 9449.5
835 0 10000 8422.4
835 1 10000 6154.3
835 2 10000 5559.6
835 3 10000 7595.9
835 4 10000 9221.9
835 5 10000 9452.0
835 6 10000 8850.6
835 7 10000 8762.2
835 8 10000 8849.0
835 9 10000 8986.7
835 10 10000 9436.1
860 0 10000 8494.7
860 1 10000 6371.0
860 2 10000 6258.6
860 3 10000 7470.8
860 4 10000 9664.8
860 5 10000 8633.0
860 6 10000 9548.6
860 7 10000 9657.5
860 8 10000 9495.6
860 9 10000 9240.0
860 10 10000 9329.5
885 0 10000 8466.6
885 1 10000 6180.5
885 2 10000 6351.5
885 3 10000 8030.3
885 4 10000 9241.1
885 5 10000 8253.1
885 6 10000 8419.7
885 7 10000 8401.9
885 8 10000 10679.3
885 9 10000 9197.1
885 10 10000 9096.1
910 0 10000 8338.1
910 1 10000 6198.6
910 2 10000 5820.0
910 3 10000 8299.0
910 4 10000 8706.2
910 5 10000 9027.9
910 6 10000 10495.6
910 7 10000 9858.5
910 8 10000 9772.0
910 9 10000 9434.7
910 10 10000 8961.2
935 0 10000 8457.3
935 1 10000 6133.3
935 2 10000 5877.4
935 3 10000 7884.3
935 4 10000 8489.4
935 5 10000 10085.5
935 6 10000 8725.7
935 7 10000 9260.5
935 8 10000 9092.6
935 9 10000 10249.4
935 10 10000 9878.7
960 0 10000 8456.3
960 1 10000 6191.2
960 2 10000 6328.0
960 3 10000 7478.5
960 4 10000 9657.7
960 5 10000 8651.3
960 6 10000 10960.6
960 7 10000 9662.5
960 8 10000 9568.8
960 9 10000 10174.2
960 10 10000 9907.3
985 0 10000 8322.9
985 1 10000 6468.0
985 2 10000 6036.0
985 3 10000 7603.2
985 4 10000 8997.5
985 5 10000 9744.6
985 6 10000 8926.9
985 7 10000 9672.6
985 8 10000 10109.3
985 9 10000 9964.6
985 10 10000 9024.1
1010 0 10000 8505.5
1010 1 10000 6206.5
1010 2 10000 6374.9
1010 3 10000 7691.0
1010 4 10000 8530.8
1010 5 10000 8910.3
1010 6 10000 9555.1
1010 7 10000 9023.1
1010 8 10000 8690.3
1010 9 10000 9547.7
1010 10 10000 9639.8
1035 0 10000 8445.2
1035 1 10000 6469.3
1035 2 10000 5965.9
1035 3 10000 7592.5
1035 4 10000 9502.3
1035 5 10000 8677.4
1035 6 10000 9502.9
1035 7 10000 9977.0
1035 8 10000 9576.8
1035 9 10000 8707.1
1035 10 10000 10017.5
1060 0 10000 8417.1
1060 1 10000 6240.8
1060 2 10000 5948.4
1060 3 10000 7948.0
1060 4 10000 9125.8
1060 5 10000 9750.8
1060 6 10000 10859.0
1060 7 10000 9751.8
1060 8 10000 9713.5
1060 9 10000 8604.5
1060 10 10000 10691.5
1085 0 10000 8421.4
1085 1 10000 6180.0
1085 2 10000 5935.9
1085 3 10000 8190.9
1085 4 10000 9030.1
1085 5 10000 9384.2
1085 6 10000 10331.9
1085 7 10000 9796.0
1085 8 10000 9511.2
1085 9 10000 8872.1
1085 10 10000 9144.8
1110 0 10000 8335.7
1110 1 10000 6140.7
1110 2 10000 6182.8
1110 3 10000 7473.8
1110 4 10000 9838.8
1110 5 10000 9655.3
1110 6 10000 8528.9
1110 7 10000 8476.7
1110 8 10000 8784.7
1110 9 10000 9907.9
1110 10 10000 9058.9
1135 0 10000 8361.3
1135 1 10000 6127.7
1135 2 10000 6159.9
1135 3 10000 7848.1
1135 4 10000 9249.0
1135 5 10000 9633.3
1135 6 10000 9749.3
1135 7 10000 9359.4
1135 8 10000 9358.9
1135 9 10000 9173.0
1135 10 10000 8953.6
1160 0 10000 8263.9
1160 1 10000 6188.0
1160 2 10000 5948.3
1160 3 10000 8194.7
1160 4 10000 9431.6
1160 5 10000 8828.8
1160 6 10000 9710.9
1160 7 10000 9318.5
1160 8 10000 9571.3
1160 9 10000 9793.0
1160 10 10000 10752.0
1185 0 10000 8512.9
1185 1 10000 6189.1
1185 2 10000 6162.5
1185 3 10000 7775.9
1185 4 10000 9948.5
1185 5 10000 8822.8
1185 6 10000 8615.8
1185 7 10000 9285.7
1185 8 10000 8949.2
1185 9 10000 9543.7
1185 10 10000 8966.9
1210 0 10000 8518.7
1210 1 10000 6184.6
1210 2 10000 6096.7
1210 3 10000 7512.3
1210 4 10000 9375.9
1210 5 10000 9914.2
1210 6 10000 8927.7
1210 7 10000 8832.7
1210 8 10000 9865.9
1210 9 10000 9850.2
1210 10 10000 9125.3
1235 0 10000 8544.5
1235 1 10000 6205.0
1235 2 10000 6321.6
1235 3 10000 7843.2
1235 4 10000 9248.3
1235 5 10000 8564.9
1235 6 10000 9473.4
1235 7 10000 8212.3
1235 8 10000 8638.3
1235 9 10000 9382.9
1235 10 10000 8668.7
1260 0 10000 13147.9
1260 1 10000 8706.3
1260 2 10000 7320.5
1260 3 10000 10379.1
1260 4 10000 9558.8
1260 5 10000 9554.3
1260 6 10000 9505.1
1260 7 10000 9773.6
1260 8 10000 9395.5
1260 9 10000 9710.8
1260 10 10000 9522.8
1285 0 10000 13226.5
1285 1 10000 8610.8
1285 2 10000 8045.2
1285 3 10000 9639.3
1285 4 10000 9487.1
1285 5 10000 13035.8
1285 6 10000 9577.8
1285 7 10000 9549.0
1285 8 10000 9902.7
1285 9 10000 9638.0
1285 10 10000 9677.8
1310 0 10000 13199.7
1310 1 10000 8476.3
1310 2 10000 7990.2
1310 3 10000 9481.9
1310 4 10000 9229.1
1310 5 10000 10058.6
1310 6 10000 9821.3
1310 7 10000 9669.8
1310 8 10000 9218.1
1310 9 10000 10153.1
1310 10 10000 9721.8
1335 0 10000 13233.4
1335 1 10000 8646.3
1335 2 10000 7556.2
1335 3 10000 9163.2
1335 4 10000 9697.0
1335 5 10000 9807.1
1335 6 10000 9811.0
1335 7 10000 9289.1
1335 8 10000 10123.1
1335 9 10000 9679.4
1335 10 10000 9466.0
1360 0 10000 13245.8
1360 1 10000 8711.2
1360 2 10000 8005.2
1360 3 10000 9618.6
1360 4 10000 9668.3
1360 5 10000 9590.1
1360 6 10000 14531.8
1360 7 10000 9831.6
1360 8 10000 9422.5
1360 9 10000 9354.3
1360 10 10000 9817.0
1385 0 10000 13245.1
1385 1 10000 8623.9
1385 2 10000 8357.8
1385 3 10000 10143.9
1385 4 10000 9763.2
1385 5 10000 10071.3
1385 6 10000 10086.2
1385 7 10000 9508.9
1385 8 10000 9362.2
1385 9 10000 9489.7
1385 10 10000 9053.9
1410 0 10000 13249.4
1410 1 10000 8491.3
1410 2 10000 7503.0
1410 3 10000 9245.1
1410 4 10000 9853.7
1410 5 10000 9575.1
1410 6 10000 10471.4
1410 7 10000 9658.9
1410 8 10000 9748.5
1410 9 10000 9508.5
1410 10 10000 9793.1
1435 0 10000 13242.1
1435 1 10000 8865.7
1435 2 10000 7879.2
1435 3 10000 9926.8
1435 4 10000 9513.4
1435 5 10000 9289.4
1435 6 10000 9310.9
1435 7 10000 9715.7
1435 8 10000 9714.8
1435 9 10000 9724.3
1435 10 10000 9763.6
1460 0 10000 13258.6
1460 1 10000 9037.2
1460 2 10000 8082.7
1460 3 10000 9860.2
1460 4 10000 9478.8
1460 5 10000 10264.6
1460 6 10000 9925.1
1460 7 10000 9809.4
1460 8 10000 9893.6
1460 9 10000 9382.3
1460 10 10000 9672.4
1485 0 10000 13247.7
1485 1 10000 8747.6
1485 2 10000 7844.2
1485 3 10000 9894.7
1485 4 10000 9936.3
1485 5 10000 9543.1
1485 6 10000 9222.8
1485 7 10000 9250.3
1485 8 10000 9954.3
1485 9 10000 9742.4
1485 10 10000 9666.0
1510 0 10000 13217.4
1510 1 10000 8708.4
1510 2 10000 8103.7
1510 3 10000 9919.6
1510 4 10000 9334.2
1510 5 10000 9527.5
1510 6 10000 9450.6
1510 7 10000 9719.7
1510 8 10000 9954.4
1510 9 10000 9413.9
1510 10 10000 10227.8
1535 0 10000 13209.5
1535 1 10000 9155.0
1535 2 10000 7891.2
1535 3 10000 9283.0
1535 4 10000 9318.8
1535 5 10000 9933.7
1535 6 10000 9914.5
1535 7 10000 9655.4
1535 8 10000 9494.5
1535 9 10000 9991.8
1535 10 10000 9243.4
1560 0 10000 13234.9
1560 1 10000 8641.7
1560 2 10000 8030.9
1560 3 10000 9965.7
1560 4 10000 9671.2
1560 5 10000 9484.3
1560 6 10000 9969.7
1560 7 10000 9416.0
1560 8 10000 9861.7
1560 9 10000 9617.9
1560 10 10000 9574.4
1585 0 10000 13365.5
1585 1 10000 8675.1
1585 2 10000 8207.8
1585 3 10000 9443.4
1585 4 10000 9795.4
1585 5 10000 9627.8
1585 6 10000 9687.1
1585 7 10000 9663.2
1585 8 10000 9176.9
1585 9 10000 9307.8
1585 10 10000 9502.3
1610 0 10000 13266.8
1610 1 10000 8716.8
1610 2 10000 7530.7
1610 3 10000 10278.6
1610 4 10000 9492.4
1610 5 10000 9472.9
1610 6 10000 9330.1
1610 7 10000 9876.0
1610 8 10000 9937.5
1610 9 10000 9413.9
1610 10 10000 9517.2
1635 0 10000 13224.7
1635 1 10000 8551.8
1635 2 10000 7790.7
1635 3 10000 10045.3
1635 4 10000 9738.9
1635 5 10000 9043.1
1635 6 10000 9948.6
1635 7 10000 9906.8
1635 8 10000 10420.4
1635 9 10000 9523.3
1635 10 10000 9785.8
1660 0 10000 13198.7
1660 1 10000 9019.8
1660 2 10000 7843.5
1660 3 10000 10068.8
1660 4 10000 9543.7
1660 5 10000 10107.0
1660 6 10000 10062.8
1660 7 10000 9333.6
1660 8 10000 9413.3
1660 9 10000 10058.8
1660 10 10000 9912.2
1685 0 10000 13194.6
1685 1 10000 8982.4
1685 2 10000 7967.8
1685 3 10000 9189.8
1685 4 10000 9386.8
1685 5 10000 9514.3
1685 6 10000 10071.0
1685 7 10000 10118.4
1685 8 10000 9722.8
1685 9 10000 9628.2
1685 10 10000 9692.0
1710 0 10000 13227.7
1710 1 10000 8591.3
1710 2 10000 7527.7
1710 3 10000 10004.9
1710 4 10000 9685.4
1710 5 10000 9414.2
1710 6 10000 9300.9
1710 7 10000 9578.1
1710 8 10000 9594.7
1710 9 10000 9971.8
1710 10 10000 9272.4
1735 0 10000 13272.3
1735 1 10000 8700.1
1735 2 10000 8056.6
1735 3 10000 9338.1
1735 4 10000 9574.0
1735 5 10000 9537.6
1735 6 10000 9311.6
1735 7 10000 9663.3
1735 8 10000 9783.6
1735 9 10000 9279.5
1735 10 10000 9417.5
1760 0 10000 13222.0
1760 1 10000 8589.6
1760 2 10000 7558.4
1760 3 10000 9610.3
1760 4 10000 10218.0
1760 5 10000 9562.7
1760 6 10000 9854.5
1760 7 10000 9686.0
1760 8 10000 9696.6
1760 9 10000 9528.6
1760 10 10000 9980.3
1785 0 10000 13178.2
1785 1 10000 8992.1
1785 2 10000 7685.6
1785 3 10000 9540.8
1785 4 10000 9626.3
1785 5 10000 9799.2
1785 6 10000 9897.8
1785 7 10000 9581.0
1785 8 10000 9699.1
1785 9 10000 9906.6
1785 10 10000 9846.7
1810 0 10000 13210.9
1810 1 10000 8676.9
1810 2 10000 7428.5
1810 3 10000 9122.3
1810 4 10000 9502.7
1810 5 10000 9793.7
1810 6 10000 9676.1
1810 7 10000 9813.7
1810 8 10000 9610.9
1810 9 10000 9895.7
1810 10 10000 9476.2
1835 0 10000 13228.1
1835 1 10000 8810.5
1835 2 10000 7804.0
1835 3 10000 9408.6
1835 4 10000 9704.3
1835 5 10000 9430.6
1835 6 10000 8990.4
1835 7 10000 9865.1
1835 8 10000 9875.1
1835 9 10000 9243.0
1835 10 10000 9771.4
1860 0 10000 13198.2
1860 1 10000 8911.2
1860 2 10000 7918.1
1860 3 10000 9595.4
1860 4 10000 9215.6
1860 5 10000 9586.7
1860 6 10000 10059.0
1860 7 10000 9621.4
1860 8 10000 9090.3
1860 9 10000 9615.0
1860 10 10000 9695.5
1885 0 10000 13284.2
1885 1 10000 9266.7
1885 2 10000 7693.0
1885 3 10000 9612.4
1885 4 10000 9518.1
1885 5 10000 9626.5
1885 6 10000 9980.5
1885 7 10000 10105.5
1885 8 10000 9781.6
1885 9 10000 9681.1
1885 10 10000 9564.9
1910 0 10000 13135.0
1910 1 10000 8522.7
1910 2 10000 7898.6
1910 3 10000 9863.2
1910 4 10000 9839.5
1910 5 10000 9753.0
1910 6 10000 9497.8
1910 7 10000 9577.0
1910 8 10000 9306.1
1910 9 10000 9796.1
1910 10 10000 8879.2
1935 0 10000 13223.3
1935 1 10000 9045.0
1935 2 10000 7886.6
1935 3 10000 9522.8
1935 4 10000 9425.4
1935 5 10000 9396.6
1935 6 10000 9771.5
1935 7 10000 9495.2
1935 8 10000 9201.1
1935 9 10000 9924.6
1935 10 10000 9885.6
1960 0 10000 13199.3
1960 1 10000 8702.4
1960 2 10000 8100.1
1960 3 10000 9768.6
1960 4 10000 10079.8
1960 5 10000 9909.9
1960 6 10000 9718.5
1960 7 10000 8991.3
1960 8 10000 9706.1
1960 9 10000 9275.0
1960 10 10000 9637.0
1985 0 10000 13090.8
1985 1 10000 8584.0
1985 2 10000 8634.3
1985 3 10000 9577.5
1985 4 10000 9363.1
1985 5 10000 9759.7
1985 6 10000 9269.1
1985 7 10000 10006.6
1985 8 10000 9948.2
1985 9 10000 9842.6
1985 10 10000 9690.9
2010 0 10000 13361.5
2010 1 10000 8549.7
2010 2 10000 7978.1
2010 3 10000 9771.9
2010 4 10000 9913.8
2010 5 10000 9688.5
2010 6 10000 9163.4
2010 7 10000 9532.9
2010 8 10000 9519.4
2010 9 10000 9666.1
2010 10 10000 9755.9
10 0 100000 51091.5
10 1 100000 97636.8
10 2 100000 80774.4
10 3 100000 76760.1
10 4 100000 78782.0
10 5 100000 76962.2
10 6 100000 82097.6
10 7 100000 96976.2
10 8 100000 144683.5
10 9 100000 253290.0
10 10 100000 474979.1
35 0 100000 25241.6
35 1 100000 27113.1
35 2 100000 25383.7
35 3 100000 26839.4
35 4 100000 29342.2
35 5 100000 32018.4
35 6 100000 37214.8
35 7 100000 53205.5
35 8 100000 111987.0
35 9 100000 218952.4
35 10 100000 439680.5
60 0 100000 22078.7
60 1 100000 17948.6
60 2 100000 16412.6
60 3 100000 18728.1
60 4 100000 20969.6
60 5 100000 23782.5
60 6 100000 30528.9
60 7 100000 53424.0
60 8 100000 109564.2
60 9 100000 214413.8
60 10 100000 429789.8
85 0 100000 22056.2
85 1 100000 17932.1
85 2 100000 16751.1
85 3 100000 18680.3
85 4 100000 21097.1
85 5 100000 23467.2
85 6 100000 31115.7
85 7 100000 52824.2
85 8 100000 114524.1
85 9 100000 218128.2
85 10 100000 439786.6
110 0 100000 22991.7
110 1 100000 16364.9
110 2 100000 13856.4
110 3 100000 16839.9
110 4 100000 18373.2
110 5 100000 21773.5
110 6 100000 32379.1
110 7 100000 53845.1
110 8 100000 107048.5
110 9 100000 208722.9
110 10 100000 436017.1
135 0 100000 22817.8
135 1 100000 15450.7
135 2 100000 13467.2
135 3 100000 16125.7
135 4 100000 19819.2
135 5 100000 21947.1
135 6 100000 33549.7
135 7 100000 55301.4
135 8 100000 113269.9
135 9 100000 232634.1
135 10 100000 455791.7
160 0 100000 23033.6
160 1 100000 16201.4
160 2 100000 13653.7
160 3 100000 16086.2
160 4 100000 18156.0
160 5 100000 22677.6
160 6 100000 30797.8
160 7 100000 57266.9
160 8 100000 110827.8
160 9 100000 227437.9
160 10 100000 437639.1
185 0 100000 22813.1
185 1 100000 15585.7
185 2 100000 14404.2
185 3 100000 16504.0
185 4 100000 19487.0
185 5 100000 21619.3
185 6 100000 27227.3
185 7 100000 52362.2
185 8 100000 109910.5
185 9 100000 223247.3
185 10 100000 451134.7
210 0 100000 28502.7
210 1 100000 17875.7
210 2 100000 15722.2
210 3 100000 16870.4
210 4 100000 20015.1
210 5 100000 23569.1
210 6 100000 30430.2
210 7 100000 52631.2
210 8 100000 109652.6
210 9 100000 229785.0
210 10 100000 225573.7
235 0 100000 28469.8
235 1 100000 17665.3
235 2 100000 14121.8
235 3 100000 17843.9
235 4 100000 20571.7
235 5 100000 23275.4
235 6 100000 30431.1
235 7 100000 51834.4
235 8 100000 118078.6
235 9 100000 231144.8
235 10 100000 233058.4
260 0 100000 28456.7
260 1 100000 18601.5
260 2 100000 14660.5
260 3 100000 18578.9
260 4 100000 20238.2
260 5 100000 23506.8
260 6 100000 31460.9
260 7 100000 52747.7
260 8 100000 114214.6
260 9 100000 222242.1
260 10 100000 224233.5
285 0 100000 28555.4
285 1 100000 17967.7
285 2 100000 13938.1
285 3 100000 17066.2
285 4 100000 20364.8
285 5 100000 23067.6
285 6 100000 31053.8
285 7 100000 54343.1
285 8 100000 108999.2
285 9 100000 231160.4
285 10 100000 222222.5
310 0 100000 28545.6
310 1 100000 18093.0
310 2 100000 15184.0
310 3 100000 18757.6
310 4 100000 19935.5
310 5 100000 23241.3
310 6 100000 30362.8
310 7 100000 48794.0
310 8 100000 112541.8
310 9 100000 222280.2
310 10 100000 225295.2
335 0 100000 28496.1
335 1 100000 18055.1
335 2 100000 14243.4
335 3 100000 17295.1
335 4 100000 21088.3
335 5 100000 23093.7
335 6 100000 29577.5
335 7 100000 58516.3
335 8 100000 112126.8
335 9 100000 223569.0
335 10 100000 232269.7
360 0 100000 28595.0
360 1 100000 17586.9
360 2 100000 14184.2
360 3 100000 17353.4
360 4 100000 19715.1
360 5 100000 23365.1
360 6 100000 29805.1
360 7 100000 60282.9
360 8 100000 118382.0
360 9 100000 234289.3
360 10 100000 229920.3
385 0 100000 28509.8
385 1 100000 17606.6
385 2 100000 13781.5
385 3 100000 17053.3
385 4 100000 21116.6
385 5 100000 22737.7
385 6 100000 28668.1
385 7 100000 57870.1
385 8 100000 116107.9
385 9 100000 232540.3
385 10 100000 246435.8
410 0 100000 41864.6
410 1 100000 24050.7
410 2 100000 17041.7
410 3 100000 22189.1
410 4 100000 24682.6
410 5 100000 25991.3
410 6 100000 34554.8
410 7 100000 58112.6
410 8 100000 123459.1
410 9 100000 120565.3
410 10 100000 123128.2
435 0 100000 41802.4
435 1 100000 24163.0
435 2 100000 16775.8
435 3 100000 22133.8
435 4 100000 24938.8
435 5 100000 29075.1
435 6 100000 35072.5
435 7 100000 63488.1
435 8 100000 122957.3
435 9 100000 122019.7
435 10 100000 125261.0
460 0 100000 41821.9
460 1 100000 24365.8
460 2 100000 17995.9
460 3 100000 21284.1
460 4 100000 25087.1
460 5 100000 28907.4
460 6 100000 32895.8
460 7 100000 61041.5
460 8 100000 119165.1
460 9 100000 121006.7
460 10 100000 120960.4
485 0 100000 42013.4
485 1 100000 24090.0
485 2 100000 18138.7
485 3 100000 22138.9
485 4 100000 25726.6
485 5 100000 28970.3
485 6 100000 34702.7
485 7 100000 60974.7
485 8 100000 124269.7
485 9 100000 123153.2
485 10 100000 120916.7
510 0 100000 41745.9
510 1 100000 24161.8
510 2 100000 17639.4
510 3 100000 23298.8
510 4 100000 24660.6
510 5 100000 29960.2
510 6 100000 34415.3
510 7 100000 63769.8
510 8 100000 125505.7
510 9 100000 124363.3
510 10 100000 124621.5
535 0 100000 42230.7
535 1 100000 24166.6
535 2 100000 16638.4
535 3 100000 22464.0
535 4 100000 25151.5
535 5 100000 27762.9
535 6 100000 33635.0
535 7 100000 63843.0
535 8 100000 116407.0
535 9 100000 122171.0
535 10 100000 127013.0
560 0 100000 42033.1
560 1 100000 24189.4
560 2 100000 17165.6
560 3 100000 21978.1
560 4 100000 25006.6
560 5 100000 28577.8
560 6 100000 34654.5
560 7 100000 61636.5
560 8 100000 125482.7
560 9 100000 122303.2
560 10 100000 121867.5
585 0 100000 41795.3
585 1 100000 24116.1
585 2 100000 17496.9
585 3 100000 22000.7
585 4 100000 23993.9
585 5 100000 28917.9
585 6 100000 34160.1
585 7 100000 70324.4
585 8 100000 123624.4
585 9 100000 119751.8
585 10 100000 125159.1
610 0 100000 41942.2
610 1 100000 24078.2
610 2 100000 17935.2
610 3 100000 22465.6
610 4 100000 25783.9
610 5 100000 27448.9
610 6 100000 33453.7
610 7 100000 61282.6
610 8 100000 128107.0
610 9 100000 120290.3
610 10 100000 122886.9
635 0 100000 41847.7
635 1 100000 24221.2
635 2 100000 17701.4
635 3 100000 21866.0
635 4 100000 24226.8
635 5 100000 26660.7
635 6 100000 34276.0
635 7 100000 60881.3
635 8 100000 121383.8
635 9 100000 126479.5
635 10 100000 122337.7
660 0 100000 41808.6
660 1 100000 24176.8
660 2 100000 18678.7
660 3 100000 21872.7
660 4 100000 25006.5
660 5 100000 26703.9
660 6 100000 35014.9
660 7 100000 62219.7
660 8 100000 119164.8
660 9 100000 120188.0
660 10 100000 118402.7
685 0 100000 41944.0
685 1 100000 24163.2
685 2 100000 18137.4
685 3 100000 23530.2
685 4 100000 24103.1
685 5 100000 27120.4
685 6 100000 34103.8
685 7 100000 60748.6
685 8 100000 118157.1
685 9 100000 117621.9
685 10 100000 125840.9
710 0 100000 41931.0
710 1 100000 24220.8
710 2 100000 18529.5
710 3 100000 22526.2
710 4 100000 23867.8
710 5 100000 28547.6
710 6 100000 33032.3
710 7 100000 60414.1
710 8 100000 124264.6
710 9 100000 120402.5
710 10 100000 127586.1
735 0 100000 41816.6
735 1 100000 24324.8
735 2 100000 19370.7
735 3 100000 21580.1
735 4 100000 24131.4
735 5 100000 27756.6
735 6 100000 32802.1
735 7 100000 59802.9
735 8 100000 126107.7
735 9 100000 123351.6
735 10 100000 123427.0
760 0 100000 42265.3
760 1 100000 24224.8
760 2 100000 17367.9
760 3 100000 21099.3
760 4 100000 24794.0
760 5 100000 27550.8
760 6 100000 34232.0
760 7 100000 60287.7
760 8 100000 119362.6
760 9 100000 119188.1
760 10 100000 121445.6
785 0 100000 70488.9
785 1 100000 38442.8
785 2 100000 25708.7
785 3 100000 30362.4
785 4 100000 35256.7
785 5 100000 35932.8
785 6 100000 43206.9
785 7 100000 67790.6
785 8 100000 80041.8
785 9 100000 74736.5
785 10 100000 79094.5
810 0 100000 70466.3
810 1 100000 39050.6
810 2 100000 25820.4
810 3 100000 30290.0
810 4 100000 35364.6
810 5 100000 36607.2
810 6 100000 50407.8
810 7 100000 82090.0
810 8 100000 80759.8
810 9 100000 76503.8
810 10 100000 77597.3
835 0 100000 70383.4
835 1 100000 38556.5
835 2 100000 25054.2
835 3 100000 31736.3
835 4 100000 33240.9
835 5 100000 36001.2
835 6 100000 50985.3
835 7 100000 75182.2
835 8 100000 73251.2
835 9 100000 76357.9
835 10 100000 78063.6
860 0 100000 70340.7
860 1 100000 38486.3
860 2 100000 24818.1
860 3 100000 31021.2
860 4 100000 34147.8
860 5 100000 37645.6
860 6 100000 51725.6
860 7 100000 75625.6
860 8 100000 81671.5
860 9 100000 80586.5
860 10 100000 81969.5
885 0 100000 70469.6
885 1 100000 38454.9
885 2 100000 25751.5
885 3 100000 30697.0
885 4 100000 33935.8
885 5 100000 36707.5
885 6 100000 50986.2
885 7 100000 78307.3
885 8 100000 81111.6
885 9 100000 75887.1
885 10 100000 87931.7
910 0 100000 70383.1
910 1 100000 38527.9
910 2 100000 25847.7
910 3 100000 30303.6
910 4 100000 32977.6
910 5 100000 40822.0
910 6 100000 50887.8
910 7 100000 80665.2
910 8 100000 79376.1
910 9 100000 83764.2
910 10 100000 87514.4
935 0 100000 70601.8
935 1 100000 38534.4
935 2 100000 25875.3
935 3 100000 29900.5
935 4 100000 34784.4
935 5 100000 38816.7
935 6 100000 52260.3
935 7 100000 83377.2
935 8 100000 81607.9
935 9 100000 80548.2
935 10 100000 85702.7
960 0 100000 70340.6
960 1 100000 38689.4
960 2 100000 25674.5
960 3 100000 31773.7
960 4 100000 33289.5
960 5 100000 39919.2
960 6 100000 56619.1
960 7 100000 87612.8
960 8 100000 86114.8
960 9 100000 85358.2
960 10 100000 83541.7
985 0 100000 70555.7
985 1 100000 38516.6
985 2 100000 24443.8
985 3 100000 30155.5
985 4 100000 35217.3
985 5 100000 39353.8
985 6 100000 54666.6
985 7 100000 85782.2
985 8 100000 87981.4
985 9 100000 82449.4
985 10 100000 83027.8
1010 0 100000 70236.8
1010 1 100000 38473.2
1010 2 100000 25911.0
1010 3 100000 31876.3
1010 4 100000 34559.3
1010 5 100000 41568.7
1010 6 100000 56799.3
1010 7 100000 91791.9
1010 8 100000 88124.2
1010 9 100000 88733.8
1010 10 100000 85902.9
1035 0 100000 70488.1
1035 1 100000 38508.8
1035 2 100000 24966.1
1035 3 100000 30878.9
1035 4 100000 34925.2
1035 5 100000 41168.5
1035 6 100000 59845.1
1035 7 100000 87641.6
1035 8 100000 84675.9
1035 9 100000 87055.2
1035 10 100000 90600.4
1060 0 100000 70478.2
1060 1 100000 38600.2
1060 2 100000 25389.7
1060 3 100000 30372.0
1060 4 100000 35279.1
1060 5 100000 38710.4
1060 6 100000 56582.3
1060 7 100000 86245.8
1060 8 100000 88663.7
1060 9 100000 87326.1
1060 10 100000 87798.5
1085 0 100000 70334.8
1085 1 100000 38493.6
1085 2 100000 25733.6
1085 3 100000 30237.9
1085 4 100000 36550.5
1085 5 100000 41551.5
1085 6 100000 57642.7
1085 7 100000 87735.2
1085 8 100000 87165.1
1085 9 100000 89872.5
1085 10 100000 88093.2
1110 0 100000 70334.4
1110 1 100000 38605.4
1110 2 100000 26017.2
1110 3 100000 31105.7
1110 4 100000 33859.0
1110 5 100000 40346.3
1110 6 100000 56825.5
1110 7 100000 88438.5
1110 8 100000 88748.4
1110 9 100000 85313.6
1110 10 100000 83021.9
1135 0 100000 70434.6
1135 1 100000 38728.6
1135 2 100000 25132.8
1135 3 100000 30940.0
1135 4 100000 36101.8
1135 5 100000 43672.3
1135 6 100000 57744.0
1135 7 100000 88138.9
1135 8 100000 87831.1
1135 9 100000 88082.3
1135 10 100000 92339.6
1160 0 100000 70257.8
1160 1 100000 38990.7
1160 2 100000 25472.1
1160 3 100000 31103.6
1160 4 100000 36378.1
1160 5 100000 42525.5
1160 6 100000 58471.5
1160 7 100000 88260.4
1160 8 100000 85630.5
1160 9 100000 89411.3
1160 10 100000 88274.0
1185 0 100000 70378.7
1185 1 100000 38460.4
1185 2 100000 25575.3
1185 3 100000 31181.3
1185 4 100000 36949.0
1185 5 100000 43650.5
1185 6 100000 58305.4
1185 7 100000 90017.5
1185 8 100000 89535.8
1185 9 100000 91875.6
1185 10 100000 87242.3
1210 0 100000 70565.2
1210 1 100000 38731.2
1210 2 100000 24852.4
1210 3 100000 29099.2
1210 4 100000 36918.0
1210 5 100000 43439.0
1210 6 100000 56374.9
1210 7 100000 88583.3
1210 8 100000 91120.9
1210 9 100000 93914.4
1210 10 100000 89509.2
1235 0 100000 70348.5
1235 1 100000 38623.7
1235 2 100000 24967.6
1235 3 100000 30735.9
1235 4 100000 35916.5
1235 5 100000 43662.7
1235 6 100000 57491.0
1235 7 100000 92821.9
1235 8 100000 88622.8
1235 9 100000 87862.2
1235 10 100000 89324.1
1260 0 100000 70640.2
1260 1 100000 38389.6
1260 2 100000 25781.9
1260 3 100000 32032.6
1260 4 100000 37104.7
1260 5 100000 42083.7
1260 6 100000 58148.0
1260 7 100000 94353.4
1260 8 100000 89769.4
1260 9 100000 91369.7
1260 10 100000 90201.2
1285 0 100000 70358.8
1285 1 100000 38499.1
1285 2 100000 25623.2
1285 3 100000 31431.4
1285 4 100000 35226.1
1285 5 100000 43503.6
1285 6 100000 60165.3
1285 7 100000 88790.4
1285 8 100000 89307.1
1285 9 100000 89715.4
1285 10 100000 91687.4
1310 0 100000 70634.2
1310 1 100000 38621.6
1310 2 100000 25128.2
1310 3 100000 30992.2
1310 4 100000 37833.1
1310 5 100000 43214.3
1310 6 100000 60173.7
1310 7 100000 85109.4
1310 8 100000 90547.8
1310 9 100000 89016.0
1310 10 100000 89162.1
1335 0 100000 70402.5
1335 1 100000 38603.9
1335 2 100000 25518.6
1335 3 100000 31382.3
1335 4 100000 38626.4
1335 5 100000 44685.2
1335 6 100000 57235.3
1335 7 100000 85358.0
1335 8 100000 81001.7
1335 9 100000 78814.2
1335 10 100000 81993.8
1360 0 100000 70381.7
1360 1 100000 38501.8
1360 2 100000 24964.8
1360 3 100000 30145.5
1360 4 100000 32379.9
1360 5 100000 40141.9
1360 6 100000 52604.6
1360 7 100000 87326.4
1360 8 100000 86302.1
1360 9 100000 84236.5
1360 10 100000 85397.4
1385 0 100000 70715.3
1385 1 100000 38542.7
1385 2 100000 26144.6
1385 3 100000 30966.7
1385 4 100000 32761.3
1385 5 100000 42484.1
1385 6 100000 55481.4
1385 7 100000 84362.4
1385 8 100000 89510.9
1385 9 100000 88270.3
1385 10 100000 81910.9
1410 0 100000 70328.4
1410 1 100000 38499.9
1410 2 100000 25011.1
1410 3 100000 30756.4
1410 4 100000 35104.6
1410 5 100000 43646.2
1410 6 100000 56953.0
1410 7 100000 84032.5
1410 8 100000 88517.0
1410 9 100000 91411.7
1410 10 100000 92211.4
1435 0 100000 70280.2
1435 1 100000 38560.5
1435 2 100000 24528.8
1435 3 100000 31814.2
1435 4 100000 34926.3
1435 5 100000 43603.4
1435 6 100000 56622.4
1435 7 100000 89668.4
1435 8 100000 89675.1
1435 9 100000 90446.7
1435 10 100000 91685.4
1460 0 100000 70224.9
1460 1 100000 38260.0
1460 2 100000 24574.2
1460 3 100000 29497.2
1460 4 100000 35305.8
1460 5 100000 43155.1
1460 6 100000 56192.8
1460 7 100000 88769.8
1460 8 100000 90292.0
1460 9 100000 85819.0
1460 10 100000 86334.1
1485 0 100000 70211.8
1485 1 100000 38353.6
1485 2 100000 24670.6
1485 3 100000 31006.3
1485 4 100000 33382.7
1485 5 100000 42249.4
1485 6 100000 57462.5
1485 7 100000 89760.4
1485 8 100000 89888.2
1485 9 100000 89834.1
1485 10 100000 91202.4
1510 0 100000 70146.0
1510 1 100000 38221.2
1510 2 100000 25271.6
1510 3 100000 31891.6
1510 4 100000 36265.0
1510 5 100000 42773.5
1510 6 100000 57081.7
1510 7 100000 90535.0
1510 8 100000 94363.3
1510 9 100000 91655.9
1510 10 100000 90478.2
1535 0 100000 70318.4
1535 1 100000 38327.4
1535 2 100000 25432.2
1535 3 100000 29788.8
1535 4 100000 37518.8
1535 5 100000 42763.0
1535 6 100000 57731.1
1535 7 100000 91607.0
1535 8 100000 92097.1
1535 9 100000 89399.4
1535 10 100000 90018.7
1560 0 100000 70187.0
1560 1 100000 38376.3
1560 2 100000 26105.7
1560 3 100000 31563.8
1560 4 100000 35828.4
1560 5 100000 44050.5
1560 6 100000 60955.3
1560 7 100000 90625.9
1560 8 100000 90338.7
1560 9 100000 93375.2
1560 10 100000 93965.0
1585 0 100000 128689.5
1585 1 100000 67820.6
1585 2 100000 39750.1
1585 3 100000 49621.3
1585 4 100000 54985.1
1585 5 100000 59108.3
1585 6 100000 70550.5
1585 7 100000 73276.3
1585 8 100000 71283.3
1585 9 100000 72653.0
1585 10 100000 73862.8
1610 0 100000 128817.7
1610 1 100000 67973.5
1610 2 100000 40788.9
1610 3 100000 47957.0
1610 4 100000 55086.2
1610 5 100000 59430.5
1610 6 100000 72279.7
1610 7 100000 73882.6
1610 8 100000 74340.0
1610 9 100000 71466.0
1610 10 100000 71464.2
1635 0 100000 128978.2
1635 1 100000 67899.7
1635 2 100000 40337.8
1635 3 100000 49263.5
1635 4 100000 55282.5
1635 5 100000 60553.1
1635 6 100000 72850.8
1635 7 100000 72191.8
1635 8 100000 73368.8
1635 9 100000 74499.8
1635 10 100000 72782.5
1660 0 100000 128500.9
1660 1 100000 68608.9
1660 2 100000 40416.9
1660 3 100000 49151.1
1660 4 100000 55633.5
1660 5 100000 60758.8
1660 6 100000 72408.9
1660 7 100000 72349.8
1660 8 100000 73831.7
1660 9 100000 71911.0
1660 10 100000 72750.0
1685 0 100000 128893.0
1685 1 100000 67841.0
1685 2 100000 41024.6
1685 3 100000 48173.2
1685 4 100000 55257.7
1685 5 100000 61591.5
1685 6 100000 73038.3
1685 7 100000 69960.0
1685 8 100000 72419.8
1685 9 100000 73786.1
1685 10 100000 72477.2
1710 0 100000 128773.3
1710 1 100000 68171.1
1710 2 100000 41079.9
1710 3 100000 51698.2
1710 4 100000 55530.0
1710 5 100000 60525.4
1710 6 100000 72337.8
1710 7 100000 72588.4
1710 8 100000 73985.5
1710 9 100000 73861.8
1710 10 100000 71049.7
1735 0 100000 128802.3
1735 1 100000 67967.3
1735 2 100000 41179.8
1735 3 100000 47632.8
1735 4 100000 55438.1
1735 5 100000 61597.5
1735 6 100000 77688.7
1735 7 100000 84079.3
1735 8 100000 82371.3
1735 9 100000 81575.2
1735 10 100000 84225.2
1760 0 100000 128732.0
1760 1 100000 67979.6
1760 2 100000 39914.9
1760 3 100000 48872.8
1760 4 100000 56532.3
1760 5 100000 64511.7
1760 6 100000 84110.1
1760 7 100000 85115.1
1760 8 100000 83772.9
1760 9 100000 83218.6
1760 10 100000 83216.8
1785 0 100000 128656.2
1785 1 100000 67848.3
1785 2 100000 40990.1
1785 3 100000 47630.6
1785 4 100000 57135.1
1785 5 100000 62844.2
1785 6 100000 81473.6
1785 7 100000 81605.5
1785 8 100000 80211.8
1785 9 100000 83324.8
1785 10 100000 81627.1
1810 0 100000 128819.8
1810 1 100000 68128.0
1810 2 100000 39251.5
1810 3 100000 48287.2
1810 4 100000 54584.8
1810 5 100000 62609.8
1810 6 100000 79463.3
1810 7 100000 81601.6
1810 8 100000 80295.2
1810 9 100000 78886.8
1810 10 100000 81012.2
1835 0 100000 129173.7
1835 1 100000 67915.9
1835 2 100000 40522.3
1835 3 100000 47612.6
1835 4 100000 56129.1
1835 5 100000 64150.9
1835 6 100000 81271.1
1835 7 100000 82644.4
1835 8 100000 82836.7
1835 9 100000 84005.0
1835 10 100000 82617.8
1860 0 100000 128951.3
1860 1 100000 68004.6
1860 2 100000 41249.7
1860 3 100000 48414.0
1860 4 100000 56364.7
1860 5 100000 64929.2
1860 6 100000 82942.5
1860 7 100000 83652.8
1860 8 100000 85747.1
1860 9 100000 84094.0
1860 10 100000 82649.6
1885 0 100000 128524.4
1885 1 100000 67855.5
1885 2 100000 41276.6
1885 3 100000 48496.7
1885 4 100000 57249.5
1885 5 100000 64408.6
1885 6 100000 83232.4
1885 7 100000 85790.2
1885 8 100000 83950.3
1885 9 100000 83089.8
1885 10 100000 86342.8
1910 0 100000 128833.5
1910 1 100000 67915.8
1910 2 100000 42103.1
1910 3 100000 49598.8
1910 4 100000 57360.7
1910 5 100000 66749.8
1910 6 100000 82790.2
1910 7 100000 81682.3
1910 8 100000 85416.4
1910 9 100000 81490.6
1910 10 100000 82825.8
1935 0 100000 128698.0
1935 1 100000 67816.6
1935 2 100000 41209.5
1935 3 100000 47639.2
1935 4 100000 58319.1
1935 5 100000 64646.1
1935 6 100000 82329.2
1935 7 100000 82849.8
1935 8 100000 82950.1
1935 9 100000 81317.3
1935 10 100000 83855.9
1960 0 100000 128603.0
1960 1 100000 67942.4
1960 2 100000 40370.7
1960 3 100000 49672.6
1960 4 100000 58584.9
1960 5 100000 65850.8
1960 6 100000 83981.1
1960 7 100000 83913.3
1960 8 100000 84418.7
1960 9 100000 80967.8
1960 10 100000 83427.5
1985 0 100000 128689.5
1985 1 100000 67938.9
1985 2 100000 40574.9
1985 3 100000 48439.8
1985 4 100000 58797.1
1985 5 100000 65902.2
1985 6 100000 84130.8
1985 7 100000 82730.3
1985 8 100000 83909.1
1985 9 100000 82999.1
1985 10 100000 84678.6
2010 0 100000 128709.8
2010 1 100000 68438.6
2010 2 100000 40815.0
2010 3 100000 49438.2
2010 4 100000 56822.6
2010 5 100000 65372.5
2010 6 100000 84445.9
2010 7 100000 83368.1
2010 8 100000 83639.4
2010 9 100000 82717.2
2010 10 100000 86072.1
10 0 1000000 436288.0
10 1 1000000 684738.8
10 2 1000000 628679.5
10 3 1000000 571895.1
10 4 1000000 548082.2
10 5 1000000 550627.5
10 6 1000000 579945.0
10 7 1000000 598670.7
10 8 1000000 656379.5
10 9 1000000 816415.4
10 10 1000000 117919.8
35 0 1000000 233285.1
35 1 1000000 205000.0
35 2 1000000 183901.0
35 3 1000000 170774.8
35 4 1000000 176883.8
35 5 1000000 193125.2
35 6 1000000 227472.3
35 7 1000000 265842.4
35 8 1000000 350306.2
35 9 1000000 507284.3
35 10 1000000 802687.2
60 0 1000000 233115.2
60 1 1000000 199125.3
60 2 1000000 183537.1
60 3 1000000 173234.5
60 4 1000000 175975.1
60 5 1000000 195823.3
60 6 1000000 226404.2
60 7 1000000 267858.1
60 8 1000000 349984.5
60 9 1000000 518821.9
60 10 1000000 802361.6
85 0 1000000 214634.6
85 1 1000000 142383.0
85 2 1000000 114424.5
85 3 1000000 115098.1
85 4 1000000 124520.8
85 5 1000000 143530.4
85 6 1000000 177134.9
85 7 1000000 226865.1
85 8 1000000 307258.3
85 9 1000000 477847.7
85 10 1000000 752560.1
110 0 1000000 214728.4
110 1 1000000 143420.7
110 2 1000000 114497.5
110 3 1000000 116874.3
110 4 1000000 123417.5
110 5 1000000 143832.1
110 6 1000000 174106.0
110 7 1000000 204639.3
110 8 1000000 289236.5
110 9 1000000 461806.1
110 10 1000000 750179.7
135 0 1000000 236263.0
135 1 1000000 137188.5
135 2 1000000 93850.8
135 3 1000000 100151.6
135 4 1000000 104160.9
135 5 1000000 111020.4
135 6 1000000 143988.4
135 7 1000000 196565.2
135 8 1000000 271221.7
135 9 1000000 428289.1
135 10 1000000 718641.3
160 0 1000000 236313.7
160 1 1000000 137473.1
160 2 1000000 93408.7
160 3 1000000 100063.5
160 4 1000000 103761.9
160 5 1000000 107227.3
160 6 1000000 128419.7
160 7 1000000 187407.4
160 8 1000000 265181.9
160 9 1000000 435611.3
160 10 1000000 724235.4
185 0 1000000 236317.2
185 1 1000000 137213.4
185 2 1000000 94372.0
185 3 1000000 100586.5
185 4 1000000 106275.6
185 5 1000000 106044.2
185 6 1000000 114069.5
185 7 1000000 126322.2
185 8 1000000 196716.5
185 9 1000000 352889.5
185 10 1000000 636947.3
210 0 1000000 237683.9
210 1 1000000 137405.6
210 2 1000000 93428.6
210 3 1000000 101298.1
210 4 1000000 103861.6
210 5 1000000 108582.1
210 6 1000000 113616.6
210 7 1000000 127016.7
210 8 1000000 195261.8
210 9 1000000 360850.0
210 10 1000000 661802.9
235 0 1000000 237587.0
235 1 1000000 137540.5
235 2 1000000 94212.7
235 3 1000000 100803.1
235 4 1000000 104453.2
235 5 1000000 105584.3
235 6 1000000 113012.1
235 7 1000000 126496.9
235 8 1000000 199066.3
235 9 1000000 364059.6
235 10 1000000 635853.6
260 0 1000000 312314.6
260 1 1000000 170786.8
260 2 1000000 106121.0
260 3 1000000 116253.5
260 4 1000000 118980.7
260 5 1000000 121396.9
260 6 1000000 127068.3
260 7 1000000 143951.0
260 8 1000000 209900.4
260 9 1000000 374103.9
260 10 1000000 641126.4
285 0 1000000 312248.1
285 1 1000000 170989.4
285 2 1000000 106045.7
285 3 1000000 115222.5
285 4 1000000 118089.2
285 5 1000000 120098.8
285 6 1000000 125227.4
285 7 1000000 142956.2
285 8 1000000 205346.1
285 9 1000000 375537.7
285 10 1000000 656845.4
310 0 1000000 312252.1
310 1 1000000 171660.4
310 2 1000000 106169.6
310 3 1000000 116300.5
310 4 1000000 118653.6
310 5 1000000 120764.9
310 6 1000000 128732.9
310 7 1000000 140428.1
310 8 1000000 218729.8
310 9 1000000 386322.6
310 10 1000000 664660.1
335 0 1000000 314977.2
335 1 1000000 171136.7
335 2 1000000 111633.9
335 3 1000000 115906.4
335 4 1000000 119542.6
335 5 1000000 119525.4
335 6 1000000 127688.5
335 7 1000000 139982.4
335 8 1000000 213183.4
335 9 1000000 386070.8
335 10 1000000 674844.3
360 0 1000000 312161.7
360 1 1000000 170830.4
360 2 1000000 105431.2
360 3 1000000 115344.2
360 4 1000000 118505.8
360 5 1000000 120308.6
360 6 1000000 126440.7
360 7 1000000 143450.9
360 8 1000000 214879.1
360 9 1000000 385530.9
360 10 1000000 669105.3
385 0 1000000 312094.1
385 1 1000000 170685.0
385 2 1000000 107317.1
385 3 1000000 115401.6
385 4 1000000 119331.6
385 5 1000000 122516.6
385 6 1000000 126657.6
385 7 1000000 140608.4
385 8 1000000 215237.7
385 9 1000000 382017.9
385 10 1000000 662014.4
410 0 1000000 312129.4
410 1 1000000 170429.3
410 2 1000000 105988.7
410 3 1000000 114438.3
410 4 1000000 120691.7
410 5 1000000 119958.4
410 6 1000000 127806.3
410 7 1000000 140843.8
410 8 1000000 230909.1
410 9 1000000 371190.0
410 10 1000000 672259.4
435 0 1000000 312166.9
435 1 1000000 171404.1
435 2 1000000 105770.6
435 3 1000000 118667.9
435 4 1000000 119562.1
435 5 1000000 120901.7
435 6 1000000 126564.1
435 7 1000000 139654.4
435 8 1000000 233419.4
435 9 1000000 380769.9
435 10 1000000 658223.9
460 0 1000000 312202.3
460 1 1000000 170763.9
460 2 1000000 107158.2
460 3 1000000 116980.9
460 4 1000000 118804.0
460 5 1000000 121212.7
460 6 1000000 127909.6
460 7 1000000 140254.3
460 8 1000000 227613.2
460 9 1000000 375970.6
460 10 1000000 665824.5
485 0 1000000 311985.7
485 1 1000000 170343.2
485 2 1000000 106179.9
485 3 1000000 116364.0
485 4 1000000 120701.9
485 5 1000000 119417.3
485 6 1000000 127840.7
485 7 1000000 142966.5
485 8 1000000 238074.7
485 9 1000000 380321.5
485 10 1000000 663598.7
510 0 1000000 484293.9
510 1 1000000 255778.4
510 2 1000000 149748.7
510 3 1000000 161569.1
510 4 1000000 162900.0
510 5 1000000 164847.4
510 6 1000000 169855.9
510 7 1000000 186076.8
510 8 1000000 265829.7
510 9 1000000 426253.6
510 10 1000000 692358.9
535 0 1000000 484358.6
535 1 1000000 255837.5
535 2 1000000 150839.5
535 3 1000000 164887.2
535 4 1000000 161977.6
535 5 1000000 163983.9
535 6 1000000 169929.4
535 7 1000000 188842.1
535 8 1000000 270023.2
535 9 1000000 422953.2
535 10 1000000 708886.1
560 0 1000000 484369.1
560 1 1000000 256028.2
560 2 1000000 150681.5
560 3 1000000 162387.1
560 4 1000000 163051.7
560 5 1000000 163979.4
560 6 1000000 172169.9
560 7 1000000 188483.3
560 8 1000000 271329.4
560 9 1000000 424762.3
560 10 1000000 698342.5
585 0 1000000 484471.9
585 1 1000000 255787.7
585 2 1000000 150070.6
585 3 1000000 165807.9
585 4 1000000 163238.7
585 5 1000000 165699.2
585 6 1000000 170315.4
585 7 1000000 188806.8
585 8 1000000 279200.2
585 9 1000000 429244.6
585 10 1000000 709777.8
610 0 1000000 489977.2
610 1 1000000 255964.6
610 2 1000000 151275.8
610 3 1000000 164723.8
610 4 1000000 162154.0
610 5 1000000 166243.0
610 6 1000000 172529.1
610 7 1000000 191707.4
610 8 1000000 281645.3
610 9 1000000 437537.4
610 10 1000000 707449.3
635 0 1000000 484705.7
635 1 1000000 256067.1
635 2 1000000 150711.7
635 3 1000000 161482.4
635 4 1000000 163716.0
635 5 1000000 164121.8
635 6 1000000 171570.7
635 7 1000000 187930.0
635 8 1000000 281070.8
635 9 1000000 437238.7
635 10 1000000 713901.6
660 0 1000000 484621.8
660 1 1000000 255669.9
660 2 1000000 149616.5
660 3 1000000 163954.1
660 4 1000000 163807.1
660 5 1000000 163681.7
660 6 1000000 172230.3
660 7 1000000 191260.6
660 8 1000000 281428.1
660 9 1000000 434859.1
660 10 1000000 719262.4
685 0 1000000 484628.1
685 1 1000000 255838.9
685 2 1000000 150886.6
685 3 1000000 162027.9
685 4 1000000 163456.2
685 5 1000000 163637.9
685 6 1000000 171516.0
685 7 1000000 193957.6
685 8 1000000 279206.6
685 9 1000000 441343.0
685 10 1000000 733398.8
710 0 1000000 490133.7
710 1 1000000 255847.5
710 2 1000000 150290.7
710 3 1000000 161445.5
710 4 1000000 161620.2
710 5 1000000 165715.4
710 6 1000000 169962.2
710 7 1000000 189000.3
710 8 1000000 278180.6
710 9 1000000 430911.5
710 10 1000000 723593.9
735 0 1000000 484849.9
735 1 1000000 256004.8
735 2 1000000 154826.2
735 3 1000000 162458.3
735 4 1000000 165609.5
735 5 1000000 164544.5
735 6 1000000 171018.0
735 7 1000000 191165.4
735 8 1000000 288989.6
735 9 1000000 438898.1
735 10 1000000 741464.8
760 0 1000000 484750.3
760 1 1000000 255713.8
760 2 1000000 151796.0
760 3 1000000 162863.3
760 4 1000000 162927.9
760 5 1000000 170717.5
760 6 1000000 171360.6
760 7 1000000 184929.8
760 8 1000000 276807.4
760 9 1000000 431931.3
760 10 1000000 716352.7
785 0 1000000 484330.9
785 1 1000000 255786.4
785 2 1000000 150178.3
785 3 1000000 162777.0
785 4 1000000 164601.1
785 5 1000000 168912.4
785 6 1000000 171130.0
785 7 1000000 192444.8
785 8 1000000 279558.8
785 9 1000000 430876.9
785 10 1000000 718121.7
810 0 1000000 484695.2
810 1 1000000 255859.6
810 2 1000000 150026.5
810 3 1000000 162049.0
810 4 1000000 162453.5
810 5 1000000 164618.7
810 6 1000000 170976.6
810 7 1000000 190598.9
810 8 1000000 285695.5
810 9 1000000 432647.3
810 10 1000000 708924.8
835 0 1000000 484697.8
835 1 1000000 256094.9
835 2 1000000 150636.8
835 3 1000000 162383.1
835 4 1000000 162568.9
835 5 1000000 164266.0
835 6 1000000 172353.3
835 7 1000000 194083.6
835 8 1000000 281651.9
835 9 1000000 432310.6
835 10 1000000 725840.6
860 0 1000000 484940.4
860 1 1000000 256212.0
860 2 1000000 150221.8
860 3 1000000 163524.0
860 4 1000000 162365.3
860 5 1000000 164376.9
860 6 1000000 172661.1
860 7 1000000 189393.4
860 8 1000000 288301.6
860 9 1000000 441031.6
860 10 1000000 718583.4
885 0 1000000 490274.3
885 1 1000000 256136.5
885 2 1000000 150174.8
885 3 1000000 165165.6
885 4 1000000 163974.7
885 5 1000000 166026.9
885 6 1000000 171171.3
885 7 1000000 193037.6
885 8 1000000 288583.3
885 9 1000000 443702.8
885 10 1000000 726507.7
910 0 1000000 490094.7
910 1 1000000 256179.2
910 2 1000000 150422.4
910 3 1000000 165520.4
910 4 1000000 162755.3
910 5 1000000 165168.3
910 6 1000000 172237.1
910 7 1000000 192639.5
910 8 1000000 291414.7
910 9 1000000 431002.8
910 10 1000000 706474.2
935 0 1000000 484873.6
935 1 1000000 255711.2
935 2 1000000 149971.3
935 3 1000000 163781.4
935 4 1000000 163554.0
935 5 1000000 165451.9
935 6 1000000 171725.0
935 7 1000000 196512.4
935 8 1000000 290843.0
935 9 1000000 457690.2
935 10 1000000 720694.3
960 0 1000000 490151.7
960 1 1000000 255933.5
960 2 1000000 150134.2
960 3 1000000 160104.3
960 4 1000000 163936.4
960 5 1000000 165422.5
960 6 1000000 173477.5
960 7 1000000 209646.9
960 8 1000000 304136.6
960 9 1000000 460935.2
960 10 1000000 756555.1
985 0 1000000 845162.1
985 1 1000000 435693.1
985 2 1000000 246108.6
985 3 1000000 263469.9
985 4 1000000 258778.6
985 5 1000000 259004.4
985 6 1000000 268466.3
985 7 1000000 296741.5
985 8 1000000 384709.1
985 9 1000000 535321.5
985 10 1000000 800100.4
1010 0 1000000 844130.5
1010 1 1000000 436083.9
1010 2 1000000 245746.1
1010 3 1000000 265231.5
1010 4 1000000 259344.4
1010 5 1000000 258888.9
1010 6 1000000 270140.5
1010 7 1000000 298942.5
1010 8 1000000 386567.6
1010 9 1000000 540732.5
1010 10 1000000 799921.1
1035 0 1000000 844970.4
1035 1 1000000 436379.8
1035 2 1000000 245205.1
1035 3 1000000 261819.5
1035 4 1000000 257761.5
1035 5 1000000 262729.6
1035 6 1000000 270416.3
1035 7 1000000 297331.7
1035 8 1000000 382707.0
1035 9 1000000 541882.6
1035 10 1000000 820163.8
1060 0 1000000 844886.7
1060 1 1000000 436110.1
1060 2 1000000 246641.4
1060 3 1000000 263474.3
1060 4 1000000 258214.5
1060 5 1000000 258820.2
1060 6 1000000 271348.2
1060 7 1000000 304043.3
1060 8 1000000 385593.0
1060 9 1000000 539599.7
1060 10 1000000 779343.6
1085 0 1000000 844208.8
1085 1 1000000 435977.2
1085 2 1000000 245717.1
1085 3 1000000 263461.6
1085 4 1000000 258341.7
1085 5 1000000 259317.7
1085 6 1000000 269376.0
1085 7 1000000 302442.1
1085 8 1000000 388736.5
1085 9 1000000 546623.0
1085 10 1000000 806784.6
1110 0 1000000 844542.5
1110 1 1000000 435934.7
1110 2 1000000 246189.7
1110 3 1000000 266295.1
1110 4 1000000 259284.9
1110 5 1000000 259811.2
1110 6 1000000 268591.7
1110 7 1000000 310079.6
1110 8 1000000 390078.0
1110 9 1000000 542658.4
1110 10 1000000 820980.5
1135 0 1000000 844999.9
1135 1 1000000 435649.6
1135 2 1000000 247863.6
1135 3 1000000 263728.8
1135 4 1000000 258939.2
1135 5 1000000 261298.3
1135 6 1000000 267707.2
1135 7 1000000 305221.5
1135 8 1000000 391164.0
1135 9 1000000 534005.2
1135 10 1000000 800938.8
1160 0 1000000 844920.0
1160 1 1000000 436024.9
1160 2 1000000 246586.7
1160 3 1000000 264018.0
1160 4 1000000 258260.5
1160 5 1000000 258405.9
1160 6 1000000 271749.5
1160 7 1000000 313011.1
1160 8 1000000 394430.7
1160 9 1000000 548831.0
1160 10 1000000 807136.6
1185 0 1000000 844705.9
1185 1 1000000 436352.9
1185 2 1000000 245440.7
1185 3 1000000 263111.4
1185 4 1000000 258362.1
1185 5 1000000 258589.7
1185 6 1000000 268037.2
1185 7 1000000 309117.0
1185 8 1000000 390037.2
1185 9 1000000 538980.6
1185 10 1000000 812388.1
1210 0 1000000 844604.4
1210 1 1000000 436538.8
1210 2 1000000 246756.0
1210 3 1000000 261870.9
1210 4 1000000 258659.5
1210 5 1000000 259818.8
1210 6 1000000 271045.8
1210 7 1000000 316444.8
1210 8 1000000 391192.1
1210 9 1000000 560287.3
1210 10 1000000 808900.3
1235 0 1000000 865705.4
1235 1 1000000 436212.0
1235 2 1000000 246694.9
1235 3 1000000 264703.0
1235 4 1000000 257934.8
1235 5 1000000 259762.5
1235 6 1000000 272530.4
1235 7 1000000 317843.7
1235 8 1000000 440267.4
1235 9 1000000 583915.9
1235 10 1000000 865699.1
1260 0 1000000 845016.2
1260 1 1000000 435981.5
1260 2 1000000 246794.3
1260 3 1000000 263368.4
1260 4 1000000 265801.7
1260 5 1000000 276129.3
1260 6 1000000 308862.4
1260 7 1000000 355224.8
1260 8 1000000 432962.1
1260 9 1000000 591872.0
1260 10 1000000 848964.4
1285 0 1000000 844872.5
1285 1 1000000 435935.8
1285 2 1000000 245692.8
1285 3 1000000 260247.1
1285 4 1000000 260832.7
1285 5 1000000 275933.5
1285 6 1000000 305614.4
1285 7 1000000 346091.2
1285 8 1000000 433695.4
1285 9 1000000 586985.2
1285 10 1000000 862849.6
1310 0 1000000 845158.2
1310 1 1000000 435886.6
1310 2 1000000 245705.9
1310 3 1000000 259077.9
1310 4 1000000 263165.2
1310 5 1000000 277406.1
1310 6 1000000 305005.3
1310 7 1000000 350546.6
1310 8 1000000 433326.3
1310 9 1000000 594197.1
1310 10 1000000 853508.7
1335 0 1000000 844457.9
1335 1 1000000 436243.9
1335 2 1000000 246296.7
1335 3 1000000 263104.4
1335 4 1000000 263015.0
1335 5 1000000 277200.3
1335 6 1000000 302722.6
1335 7 1000000 348104.1
1335 8 1000000 432528.2
1335 9 1000000 583316.3
1335 10 1000000 866709.7
1360 0 1000000 844971.8
1360 1 1000000 436040.3
1360 2 1000000 246285.6
1360 3 1000000 266173.5
1360 4 1000000 264017.6
1360 5 1000000 279827.9
1360 6 1000000 305540.2
1360 7 1000000 355312.4
1360 8 1000000 428648.4
1360 9 1000000 587699.3
1360 10 1000000 848889.6
1385 0 1000000 845424.6
1385 1 1000000 436110.2
1385 2 1000000 245497.5
1385 3 1000000 264671.6
1385 4 1000000 265538.3
1385 5 1000000 276157.5
1385 6 1000000 306224.2
1385 7 1000000 352259.0
1385 8 1000000 431963.0
1385 9 1000000 588980.7
1385 10 1000000 871400.1
1410 0 1000000 845288.7
1410 1 1000000 436873.6
1410 2 1000000 246612.4
1410 3 1000000 262757.8
1410 4 1000000 263597.5
1410 5 1000000 276791.7
1410 6 1000000 307910.3
1410 7 1000000 350870.6
1410 8 1000000 431645.1
1410 9 1000000 592126.1
1410 10 1000000 840266.0
1435 0 1000000 845476.8
1435 1 1000000 435736.6
1435 2 1000000 248171.8
1435 3 1000000 260644.6
1435 4 1000000 262868.1
1435 5 1000000 276788.4
1435 6 1000000 305705.1
1435 7 1000000 349854.8
1435 8 1000000 428452.3
1435 9 1000000 585507.1
1435 10 1000000 879929.2
1460 0 1000000 855131.4
1460 1 1000000 436031.4
1460 2 1000000 245942.2
1460 3 1000000 260690.6
1460 4 1000000 262356.0
1460 5 1000000 280453.1
1460 6 1000000 304915.7
1460 7 1000000 348773.7
1460 8 1000000 427907.5
1460 9 1000000 583500.5
1460 10 1000000 864136.5
1485 0 1000000 844898.6
1485 1 1000000 435828.8
1485 2 1000000 247668.8
1485 3 1000000 260425.9
1485 4 1000000 257503.9
1485 5 1000000 268331.7
1485 6 1000000 296965.2
1485 7 1000000 342523.4
1485 8 1000000 427419.7
1485 9 1000000 597102.9
1485 10 1000000 850481.4
1510 0 1000000 845041.3
1510 1 1000000 435921.4
1510 2 1000000 245013.6
1510 3 1000000 262565.2
1510 4 1000000 260967.5
1510 5 1000000 267362.6
1510 6 1000000 300891.7
1510 7 1000000 341285.6
1510 8 1000000 422024.6
1510 9 1000000 588575.5
1510 10 1000000 846616.1
1535 0 1000000 844642.2
1535 1 1000000 435849.8
1535 2 1000000 245894.8
1535 3 1000000 260048.5
1535 4 1000000 260179.4
1535 5 1000000 268294.3
1535 6 1000000 302229.9
1535 7 1000000 342301.1
1535 8 1000000 422782.0
1535 9 1000000 584748.3
1535 10 1000000 837287.7
1560 0 1000000 844294.9
1560 1 1000000 435964.4
1560 2 1000000 246723.0
1560 3 1000000 267564.4
1560 4 1000000 259223.8
1560 5 1000000 264961.5
1560 6 1000000 292197.1
1560 7 1000000 339416.4
1560 8 1000000 418157.3
1560 9 1000000 572317.3
1560 10 1000000 860903.8
1585 0 1000000 855306.5
1585 1 1000000 435816.3
1585 2 1000000 254623.4
1585 3 1000000 262846.7
1585 4 1000000 258521.8
1585 5 1000000 258535.0
1585 6 1000000 271879.6
1585 7 1000000 315024.0
1585 8 1000000 405786.0
1585 9 1000000 562730.0
1585 10 1000000 805177.9
1610 0 1000000 844694.7
1610 1 1000000 436409.6
1610 2 1000000 248012.1
1610 3 1000000 261486.1
1610 4 1000000 259402.8
1610 5 1000000 258629.5
1610 6 1000000 275368.1
1610 7 1000000 322761.7
1610 8 1000000 397385.4
1610 9 1000000 568288.2
1610 10 1000000 825652.2
1635 0 1000000 844695.4
1635 1 1000000 436103.6
1635 2 1000000 246038.9
1635 3 1000000 263046.6
1635 4 1000000 259026.6
1635 5 1000000 258619.7
1635 6 1000000 273987.4
1635 7 1000000 321750.2
1635 8 1000000 393508.1
1635 9 1000000 549582.5
1635 10 1000000 819429.2
1660 0 1000000 845109.3
1660 1 1000000 435877.0
1660 2 1000000 245426.7
1660 3 1000000 260410.0
1660 4 1000000 260944.8
1660 5 1000000 261843.5
1660 6 1000000 275914.5
1660 7 1000000 328790.5
1660 8 1000000 407024.9
1660 9 1000000 560115.9
1660 10 1000000 808167.5
1685 0 1000000 845168.9
1685 1 1000000 436078.6
1685 2 1000000 245959.9
1685 3 1000000 261861.4
1685 4 1000000 260672.3
1685 5 1000000 258629.4
1685 6 1000000 278266.5
1685 7 1000000 328221.4
1685 8 1000000 408488.6
1685 9 1000000 560283.9
1685 10 1000000 829343.6
1710 0 1000000 844691.3
1710 1 1000000 436153.6
1710 2 1000000 245454.6
1710 3 1000000 265042.1
1710 4 1000000 258444.2
1710 5 1000000 260437.7
1710 6 1000000 283914.8
1710 7 1000000 330396.9
1710 8 1000000 410966.8
1710 9 1000000 560734.0
1710 10 1000000 834572.2
1735 0 1000000 845408.0
1735 1 1000000 436844.4
1735 2 1000000 246280.0
1735 3 1000000 260562.4
1735 4 1000000 261231.9
1735 5 1000000 261901.9
1735 6 1000000 287978.5
1735 7 1000000 335865.5
1735 8 1000000 413227.7
1735 9 1000000 578055.7
1735 10 1000000 844289.3
1760 0 1000000 844411.3
1760 1 1000000 435859.8
1760 2 1000000 245236.1
1760 3 1000000 264120.8
1760 4 1000000 260429.1
1760 5 1000000 265135.6
1760 6 1000000 291537.1
1760 7 1000000 335222.5
1760 8 1000000 413142.0
1760 9 1000000 571312.0
1760 10 1000000 839153.6
1785 0 1000000 845259.7
1785 1 1000000 436478.3
1785 2 1000000 246581.4
1785 3 1000000 264191.6
1785 4 1000000 258880.9
1785 5 1000000 265795.8
1785 6 1000000 293166.7
1785 7 1000000 344413.4
1785 8 1000000 423859.8
1785 9 1000000 578964.3
1785 10 1000000 871244.4
1810 0 1000000 844704.1
1810 1 1000000 436128.9
1810 2 1000000 246289.3
1810 3 1000000 259472.8
1810 4 1000000 259589.3
1810 5 1000000 268129.9
1810 6 1000000 292224.4
1810 7 1000000 342526.0
1810 8 1000000 427116.0
1810 9 1000000 584459.3
1810 10 1000000 817710.3
1835 0 1000000 844780.8
1835 1 1000000 436232.0
1835 2 1000000 246519.3
1835 3 1000000 265249.2
1835 4 1000000 258921.5
1835 5 1000000 264251.9
1835 6 1000000 290187.0
1835 7 1000000 338773.9
1835 8 1000000 418852.8
1835 9 1000000 573362.5
1835 10 1000000 849032.9
1860 0 1000000 845574.0
1860 1 1000000 435971.5
1860 2 1000000 246848.5
1860 3 1000000 263885.8
1860 4 1000000 261945.2
1860 5 1000000 259234.1
1860 6 1000000 280488.6
1860 7 1000000 332698.6
1860 8 1000000 410027.5
1860 9 1000000 572306.2
1860 10 1000000 843697.6
1885 0 1000000 844914.0
1885 1 1000000 436984.2
1885 2 1000000 247133.5
1885 3 1000000 261582.4
1885 4 1000000 258370.7
1885 5 1000000 259283.8
1885 6 1000000 283258.5
1885 7 1000000 330615.8
1885 8 1000000 413002.9
1885 9 1000000 558925.0
1885 10 1000000 832975.0
1910 0 1000000 844955.2
1910 1 1000000 435902.6
1910 2 1000000 245966.4
1910 3 1000000 257682.2
1910 4 1000000 258387.5
1910 5 1000000 260316.3
1910 6 1000000 282508.3
1910 7 1000000 329778.2
1910 8 1000000 413279.8
1910 9 1000000 562315.2
1910 10 1000000 844219.0
1935 0 1000000 844605.0
1935 1 1000000 436019.3
1935 2 1000000 245875.6
1935 3 1000000 262231.6
1935 4 1000000 257687.3
1935 5 1000000 264035.8
1935 6 1000000 291912.8
1935 7 1000000 337074.3
1935 8 1000000 416648.6
1935 9 1000000 570778.3
1935 10 1000000 843673.1
1960 0 1000000 577589.5
1960 1 1000000 801996.5
1960 2 1000000 440103.4
1960 3 1000000 460630.5
1960 4 1000000 454745.8
1960 5 1000000 455031.7
1960 6 1000000 481560.5
1960 7 1000000 520159.0
1960 8 1000000 574336.3
1960 9 1000000 706063.5
1960 10 1000000 713226.9
1985 0 1000000 577534.4
1985 1 1000000 803112.9
1985 2 1000000 441484.4
1985 3 1000000 459190.5
1985 4 1000000 451313.4
1985 5 1000000 460136.1
1985 6 1000000 482554.7
1985 7 1000000 522382.2
1985 8 1000000 577413.2
1985 9 1000000 709401.0
1985 10 1000000 718102.7
2010 0 1000000 579065.1
2010 1 1000000 804800.4
2010 2 1000000 441611.1
2010 3 1000000 455653.8
2010 4 1000000 454741.5
2010 5 1000000 467266.5
2010 6 1000000 489398.9
2010 7 1000000 528073.7
2010 8 1000000 585125.7
2010 9 1000000 721300.4
2010 10 1000000 721014.1
