10 0 100000 51091.5
10 1 100000 97636.8
10 2 100000 80774.4
10 3 100000 76760.1
10 4 100000 78782.0
10 5 100000 76962.2
10 6 100000 82097.6
10 7 100000 96976.2
10 8 100000 144683.5
10 9 100000 253290.0
10 10 100000 474979.1
35 0 100000 25241.6
35 1 100000 27113.1
35 2 100000 25383.7
35 3 100000 26839.4
35 4 100000 29342.2
35 5 100000 32018.4
35 6 100000 37214.8
35 7 100000 53205.5
35 8 100000 111987.0
35 9 100000 218952.4
35 10 100000 439680.5
60 0 100000 22078.7
60 1 100000 17948.6
60 2 100000 16412.6
60 3 100000 18728.1
60 4 100000 20969.6
60 5 100000 23782.5
60 6 100000 30528.9
60 7 100000 53424.0
60 8 100000 109564.2
60 9 100000 214413.8
60 10 100000 429789.8
85 0 100000 22056.2
85 1 100000 17932.1
85 2 100000 16751.1
85 3 100000 18680.3
85 4 100000 21097.1
85 5 100000 23467.2
85 6 100000 31115.7
85 7 100000 52824.2
85 8 100000 114524.1
85 9 100000 218128.2
85 10 100000 439786.6
110 0 100000 22991.7
110 1 100000 16364.9
110 2 100000 13856.4
110 3 100000 16839.9
110 4 100000 18373.2
110 5 100000 21773.5
110 6 100000 32379.1
110 7 100000 53845.1
110 8 100000 107048.5
110 9 100000 208722.9
110 10 100000 436017.1
135 0 100000 22817.8
135 1 100000 15450.7
135 2 100000 13467.2
135 3 100000 16125.7
135 4 100000 19819.2
135 5 100000 21947.1
135 6 100000 33549.7
135 7 100000 55301.4
135 8 100000 113269.9
135 9 100000 232634.1
135 10 100000 455791.7
160 0 100000 23033.6
160 1 100000 16201.4
160 2 100000 13653.7
160 3 100000 16086.2
160 4 100000 18156.0
160 5 100000 22677.6
160 6 100000 30797.8
160 7 100000 57266.9
160 8 100000 110827.8
160 9 100000 227437.9
160 10 100000 437639.1
185 0 100000 22813.1
185 1 100000 15585.7
185 2 100000 14404.2
185 3 100000 16504.0
185 4 100000 19487.0
185 5 100000 21619.3
185 6 100000 27227.3
185 7 100000 52362.2
185 8 100000 109910.5
185 9 100000 223247.3
185 10 100000 451134.7
210 0 100000 28502.7
210 1 100000 17875.7
210 2 100000 15722.2
210 3 100000 16870.4
210 4 100000 20015.1
210 5 100000 23569.1
210 6 100000 30430.2
210 7 100000 52631.2
210 8 100000 109652.6
210 9 100000 229785.0
210 10 100000 225573.7
235 0 100000 28469.8
235 1 100000 17665.3
235 2 100000 14121.8
235 3 100000 17843.9
235 4 100000 20571.7
235 5 100000 23275.4
235 6 100000 30431.1
235 7 100000 51834.4
235 8 100000 118078.6
235 9 100000 231144.8
235 10 100000 233058.4
260 0 100000 28456.7
260 1 100000 18601.5
260 2 100000 14660.5
260 3 100000 18578.9
260 4 100000 20238.2
260 5 100000 23506.8
260 6 100000 31460.9
260 7 100000 52747.7
260 8 100000 114214.6
260 9 100000 222242.1
260 10 100000 224233.5
285 0 100000 28555.4
285 1 100000 17967.7
285 2 100000 13938.1
285 3 100000 17066.2
285 4 100000 20364.8
285 5 100000 23067.6
285 6 100000 31053.8
285 7 100000 54343.1
285 8 100000 108999.2
285 9 100000 231160.4
285 10 100000 222222.5
310 0 100000 28545.6
310 1 100000 18093.0
310 2 100000 15184.0
310 3 100000 18757.6
310 4 100000 19935.5
310 5 100000 23241.3
310 6 100000 30362.8
310 7 100000 48794.0
310 8 100000 112541.8
310 9 100000 222280.2
310 10 100000 225295.2
335 0 100000 28496.1
335 1 100000 18055.1
335 2 100000 14243.4
335 3 100000 17295.1
335 4 100000 21088.3
335 5 100000 23093.7
335 6 100000 29577.5
335 7 100000 58516.3
335 8 100000 112126.8
335 9 100000 223569.0
335 10 100000 232269.7
360 0 100000 28595.0
360 1 100000 17586.9
360 2 100000 14184.2
360 3 100000 17353.4
360 4 100000 19715.1
360 5 100000 23365.1
360 6 100000 29805.1
360 7 100000 60282.9
360 8 100000 118382.0
360 9 100000 234289.3
360 10 100000 229920.3
385 0 100000 28509.8
385 1 100000 17606.6
385 2 100000 13781.5
385 3 100000 17053.3
385 4 100000 21116.6
385 5 100000 22737.7
385 6 100000 28668.1
385 7 100000 57870.1
385 8 100000 116107.9
385 9 100000 232540.3
385 10 100000 246435.8
410 0 100000 41864.6
410 1 100000 24050.7
410 2 100000 17041.7
410 3 100000 22189.1
410 4 100000 24682.6
410 5 100000 25991.3
410 6 100000 34554.8
410 7 100000 58112.6
410 8 100000 123459.1
410 9 100000 120565.3
410 10 100000 123128.2
435 0 100000 41802.4
435 1 100000 24163.0
435 2 100000 16775.8
435 3 100000 22133.8
435 4 100000 24938.8
435 5 100000 29075.1
435 6 100000 35072.5
435 7 100000 63488.1
435 8 100000 122957.3
435 9 100000 122019.7
435 10 100000 125261.0
460 0 100000 41821.9
460 1 100000 24365.8
460 2 100000 17995.9
460 3 100000 21284.1
460 4 100000 25087.1
460 5 100000 28907.4
460 6 100000 32895.8
460 7 100000 61041.5
460 8 100000 119165.1
460 9 100000 121006.7
460 10 100000 120960.4
485 0 100000 42013.4
485 1 100000 24090.0
485 2 100000 18138.7
485 3 100000 22138.9
485 4 100000 25726.6
485 5 100000 28970.3
485 6 100000 34702.7
485 7 100000 60974.7
485 8 100000 124269.7
485 9 100000 123153.2
485 10 100000 120916.7
510 0 100000 41745.9
510 1 100000 24161.8
510 2 100000 17639.4
510 3 100000 23298.8
510 4 100000 24660.6
510 5 100000 29960.2
510 6 100000 34415.3
510 7 100000 63769.8
510 8 100000 125505.7
510 9 100000 124363.3
510 10 100000 124621.5
535 0 100000 42230.7
535 1 100000 24166.6
535 2 100000 16638.4
535 3 100000 22464.0
535 4 100000 25151.5
535 5 100000 27762.9
535 6 100000 33635.0
535 7 100000 63843.0
535 8 100000 116407.0
535 9 100000 122171.0
535 10 100000 127013.0
560 0 100000 42033.1
560 1 100000 24189.4
560 2 100000 17165.6
560 3 100000 21978.1
560 4 100000 25006.6
560 5 100000 28577.8
560 6 100000 34654.5
560 7 100000 61636.5
560 8 100000 125482.7
560 9 100000 122303.2
560 10 100000 121867.5
585 0 100000 41795.3
585 1 100000 24116.1
585 2 100000 17496.9
585 3 100000 22000.7
585 4 100000 23993.9
585 5 100000 28917.9
585 6 100000 34160.1
585 7 100000 70324.4
585 8 100000 123624.4
585 9 100000 119751.8
585 10 100000 125159.1
610 0 100000 41942.2
610 1 100000 24078.2
610 2 100000 17935.2
610 3 100000 22465.6
610 4 100000 25783.9
610 5 100000 27448.9
610 6 100000 33453.7
610 7 100000 61282.6
610 8 100000 128107.0
610 9 100000 120290.3
610 10 100000 122886.9
635 0 100000 41847.7
635 1 100000 24221.2
635 2 100000 17701.4
635 3 100000 21866.0
635 4 100000 24226.8
635 5 100000 26660.7
635 6 100000 34276.0
635 7 100000 60881.3
635 8 100000 121383.8
635 9 100000 126479.5
635 10 100000 122337.7
660 0 100000 41808.6
660 1 100000 24176.8
660 2 100000 18678.7
660 3 100000 21872.7
660 4 100000 25006.5
660 5 100000 26703.9
660 6 100000 35014.9
660 7 100000 62219.7
660 8 100000 119164.8
660 9 100000 120188.0
660 10 100000 118402.7
685 0 100000 41944.0
685 1 100000 24163.2
685 2 100000 18137.4
685 3 100000 23530.2
685 4 100000 24103.1
685 5 100000 27120.4
685 6 100000 34103.8
685 7 100000 60748.6
685 8 100000 118157.1
685 9 100000 117621.9
685 10 100000 125840.9
710 0 100000 41931.0
710 1 100000 24220.8
710 2 100000 18529.5
710 3 100000 22526.2
710 4 100000 23867.8
710 5 100000 28547.6
710 6 100000 33032.3
710 7 100000 60414.1
710 8 100000 124264.6
710 9 100000 120402.5
710 10 100000 127586.1
735 0 100000 41816.6
735 1 100000 24324.8
735 2 100000 19370.7
735 3 100000 21580.1
735 4 100000 24131.4
735 5 100000 27756.6
735 6 100000 32802.1
735 7 100000 59802.9
735 8 100000 126107.7
735 9 100000 123351.6
735 10 100000 123427.0
760 0 100000 42265.3
760 1 100000 24224.8
760 2 100000 17367.9
760 3 100000 21099.3
760 4 100000 24794.0
760 5 100000 27550.8
760 6 100000 34232.0
760 7 100000 60287.7
760 8 100000 119362.6
760 9 100000 119188.1
760 10 100000 121445.6
785 0 100000 70488.9
785 1 100000 38442.8
785 2 100000 25708.7
785 3 100000 30362.4
785 4 100000 35256.7
785 5 100000 35932.8
785 6 100000 43206.9
785 7 100000 67790.6
785 8 100000 80041.8
785 9 100000 74736.5
785 10 100000 79094.5
810 0 100000 70466.3
810 1 100000 39050.6
810 2 100000 25820.4
810 3 100000 30290.0
810 4 100000 35364.6
810 5 100000 36607.2
810 6 100000 50407.8
810 7 100000 82090.0
810 8 100000 80759.8
810 9 100000 76503.8
810 10 100000 77597.3
835 0 100000 70383.4
835 1 100000 38556.5
835 2 100000 25054.2
835 3 100000 31736.3
835 4 100000 33240.9
835 5 100000 36001.2
835 6 100000 50985.3
835 7 100000 75182.2
835 8 100000 73251.2
835 9 100000 76357.9
835 10 100000 78063.6
860 0 100000 70340.7
860 1 100000 38486.3
860 2 100000 24818.1
860 3 100000 31021.2
860 4 100000 34147.8
860 5 100000 37645.6
860 6 100000 51725.6
860 7 100000 75625.6
860 8 100000 81671.5
860 9 100000 80586.5
860 10 100000 81969.5
885 0 100000 70469.6
885 1 100000 38454.9
885 2 100000 25751.5
885 3 100000 30697.0
885 4 100000 33935.8
885 5 100000 36707.5
885 6 100000 50986.2
885 7 100000 78307.3
885 8 100000 81111.6
885 9 100000 75887.1
885 10 100000 87931.7
910 0 100000 70383.1
910 1 100000 38527.9
910 2 100000 25847.7
910 3 100000 30303.6
910 4 100000 32977.6
910 5 100000 40822.0
910 6 100000 50887.8
910 7 100000 80665.2
910 8 100000 79376.1
910 9 100000 83764.2
910 10 100000 87514.4
935 0 100000 70601.8
935 1 100000 38534.4
935 2 100000 25875.3
935 3 100000 29900.5
935 4 100000 34784.4
935 5 100000 38816.7
935 6 100000 52260.3
935 7 100000 83377.2
935 8 100000 81607.9
935 9 100000 80548.2
935 10 100000 85702.7
960 0 100000 70340.6
960 1 100000 38689.4
960 2 100000 25674.5
960 3 100000 31773.7
960 4 100000 33289.5
960 5 100000 39919.2
960 6 100000 56619.1
960 7 100000 87612.8
960 8 100000 86114.8
960 9 100000 85358.2
960 10 100000 83541.7
985 0 100000 70555.7
985 1 100000 38516.6
985 2 100000 24443.8
985 3 100000 30155.5
985 4 100000 35217.3
985 5 100000 39353.8
985 6 100000 54666.6
985 7 100000 85782.2
985 8 100000 87981.4
985 9 100000 82449.4
985 10 100000 83027.8
1010 0 100000 70236.8
1010 1 100000 38473.2
1010 2 100000 25911.0
1010 3 100000 31876.3
1010 4 100000 34559.3
1010 5 100000 41568.7
1010 6 100000 56799.3
1010 7 100000 91791.9
1010 8 100000 88124.2
1010 9 100000 88733.8
1010 10 100000 85902.9
1035 0 100000 70488.1
1035 1 100000 38508.8
1035 2 100000 24966.1
1035 3 100000 30878.9
1035 4 100000 34925.2
1035 5 100000 41168.5
1035 6 100000 59845.1
1035 7 100000 87641.6
1035 8 100000 84675.9
1035 9 100000 87055.2
1035 10 100000 90600.4
1060 0 100000 70478.2
1060 1 100000 38600.2
1060 2 100000 25389.7
1060 3 100000 30372.0
1060 4 100000 35279.1
1060 5 100000 38710.4
1060 6 100000 56582.3
1060 7 100000 86245.8
1060 8 100000 88663.7
1060 9 100000 87326.1
1060 10 100000 87798.5
1085 0 100000 70334.8
1085 1 100000 38493.6
1085 2 100000 25733.6
1085 3 100000 30237.9
1085 4 100000 36550.5
1085 5 100000 41551.5
1085 6 100000 57642.7
1085 7 100000 87735.2
1085 8 100000 87165.1
1085 9 100000 89872.5
1085 10 100000 88093.2
1110 0 100000 70334.4
1110 1 100000 38605.4
1110 2 100000 26017.2
1110 3 100000 31105.7
1110 4 100000 33859.0
1110 5 100000 40346.3
1110 6 100000 56825.5
1110 7 100000 88438.5
1110 8 100000 88748.4
1110 9 100000 85313.6
1110 10 100000 83021.9
1135 0 100000 70434.6
1135 1 100000 38728.6
1135 2 100000 25132.8
1135 3 100000 30940.0
1135 4 100000 36101.8
1135 5 100000 43672.3
1135 6 100000 57744.0
1135 7 100000 88138.9
1135 8 100000 87831.1
1135 9 100000 88082.3
1135 10 100000 92339.6
1160 0 100000 70257.8
1160 1 100000 38990.7
1160 2 100000 25472.1
1160 3 100000 31103.6
1160 4 100000 36378.1
1160 5 100000 42525.5
1160 6 100000 58471.5
1160 7 100000 88260.4
1160 8 100000 85630.5
1160 9 100000 89411.3
1160 10 100000 88274.0
1185 0 100000 70378.7
1185 1 100000 38460.4
1185 2 100000 25575.3
1185 3 100000 31181.3
1185 4 100000 36949.0
1185 5 100000 43650.5
1185 6 100000 58305.4
1185 7 100000 90017.5
1185 8 100000 89535.8
1185 9 100000 91875.6
1185 10 100000 87242.3
1210 0 100000 70565.2
1210 1 100000 38731.2
1210 2 100000 24852.4
1210 3 100000 29099.2
1210 4 100000 36918.0
1210 5 100000 43439.0
1210 6 100000 56374.9
1210 7 100000 88583.3
1210 8 100000 91120.9
1210 9 100000 93914.4
1210 10 100000 89509.2
1235 0 100000 70348.5
1235 1 100000 38623.7
1235 2 100000 24967.6
1235 3 100000 30735.9
1235 4 100000 35916.5
1235 5 100000 43662.7
1235 6 100000 57491.0
1235 7 100000 92821.9
1235 8 100000 88622.8
1235 9 100000 87862.2
1235 10 100000 89324.1
1260 0 100000 70640.2
1260 1 100000 38389.6
1260 2 100000 25781.9
1260 3 100000 32032.6
1260 4 100000 37104.7
1260 5 100000 42083.7
1260 6 100000 58148.0
1260 7 100000 94353.4
1260 8 100000 89769.4
1260 9 100000 91369.7
1260 10 100000 90201.2
1285 0 100000 70358.8
1285 1 100000 38499.1
1285 2 100000 25623.2
1285 3 100000 31431.4
1285 4 100000 35226.1
1285 5 100000 43503.6
1285 6 100000 60165.3
1285 7 100000 88790.4
1285 8 100000 89307.1
1285 9 100000 89715.4
1285 10 100000 91687.4
1310 0 100000 70634.2
1310 1 100000 38621.6
1310 2 100000 25128.2
1310 3 100000 30992.2
1310 4 100000 37833.1
1310 5 100000 43214.3
1310 6 100000 60173.7
1310 7 100000 85109.4
1310 8 100000 90547.8
1310 9 100000 89016.0
1310 10 100000 89162.1
1335 0 100000 70402.5
1335 1 100000 38603.9
1335 2 100000 25518.6
1335 3 100000 31382.3
1335 4 100000 38626.4
1335 5 100000 44685.2
1335 6 100000 57235.3
1335 7 100000 85358.0
1335 8 100000 81001.7
1335 9 100000 78814.2
1335 10 100000 81993.8
1360 0 100000 70381.7
1360 1 100000 38501.8
1360 2 100000 24964.8
1360 3 100000 30145.5
1360 4 100000 32379.9
1360 5 100000 40141.9
1360 6 100000 52604.6
1360 7 100000 87326.4
1360 8 100000 86302.1
1360 9 100000 84236.5
1360 10 100000 85397.4
1385 0 100000 70715.3
1385 1 100000 38542.7
1385 2 100000 26144.6
1385 3 100000 30966.7
1385 4 100000 32761.3
1385 5 100000 42484.1
1385 6 100000 55481.4
1385 7 100000 84362.4
1385 8 100000 89510.9
1385 9 100000 88270.3
1385 10 100000 81910.9
1410 0 100000 70328.4
1410 1 100000 38499.9
1410 2 100000 25011.1
1410 3 100000 30756.4
1410 4 100000 35104.6
1410 5 100000 43646.2
1410 6 100000 56953.0
1410 7 100000 84032.5
1410 8 100000 88517.0
1410 9 100000 91411.7
1410 10 100000 92211.4
1435 0 100000 70280.2
1435 1 100000 38560.5
1435 2 100000 24528.8
1435 3 100000 31814.2
1435 4 100000 34926.3
1435 5 100000 43603.4
1435 6 100000 56622.4
1435 7 100000 89668.4
1435 8 100000 89675.1
1435 9 100000 90446.7
1435 10 100000 91685.4
1460 0 100000 70224.9
1460 1 100000 38260.0
1460 2 100000 24574.2
1460 3 100000 29497.2
1460 4 100000 35305.8
1460 5 100000 43155.1
1460 6 100000 56192.8
1460 7 100000 88769.8
1460 8 100000 90292.0
1460 9 100000 85819.0
1460 10 100000 86334.1
1485 0 100000 70211.8
1485 1 100000 38353.6
1485 2 100000 24670.6
1485 3 100000 31006.3
1485 4 100000 33382.7
1485 5 100000 42249.4
1485 6 100000 57462.5
1485 7 100000 89760.4
1485 8 100000 89888.2
1485 9 100000 89834.1
1485 10 100000 91202.4
1510 0 100000 70146.0
1510 1 100000 38221.2
1510 2 100000 25271.6
1510 3 100000 31891.6
1510 4 100000 36265.0
1510 5 100000 42773.5
1510 6 100000 57081.7
1510 7 100000 90535.0
1510 8 100000 94363.3
1510 9 100000 91655.9
1510 10 100000 90478.2
1535 0 100000 70318.4
1535 1 100000 38327.4
1535 2 100000 25432.2
1535 3 100000 29788.8
1535 4 100000 37518.8
1535 5 100000 42763.0
1535 6 100000 57731.1
1535 7 100000 91607.0
1535 8 100000 92097.1
1535 9 100000 89399.4
1535 10 100000 90018.7
1560 0 100000 70187.0
1560 1 100000 38376.3
1560 2 100000 26105.7
1560 3 100000 31563.8
1560 4 100000 35828.4
1560 5 100000 44050.5
1560 6 100000 60955.3
1560 7 100000 90625.9
1560 8 100000 90338.7
1560 9 100000 93375.2
1560 10 100000 93965.0
1585 0 100000 128689.5
1585 1 100000 67820.6
1585 2 100000 39750.1
1585 3 100000 49621.3
1585 4 100000 54985.1
1585 5 100000 59108.3
1585 6 100000 70550.5
1585 7 100000 73276.3
1585 8 100000 71283.3
1585 9 100000 72653.0
1585 10 100000 73862.8
1610 0 100000 128817.7
1610 1 100000 67973.5
1610 2 100000 40788.9
1610 3 100000 47957.0
1610 4 100000 55086.2
1610 5 100000 59430.5
1610 6 100000 72279.7
1610 7 100000 73882.6
1610 8 100000 74340.0
1610 9 100000 71466.0
1610 10 100000 71464.2
1635 0 100000 128978.2
1635 1 100000 67899.7
1635 2 100000 40337.8
1635 3 100000 49263.5
1635 4 100000 55282.5
1635 5 100000 60553.1
1635 6 100000 72850.8
1635 7 100000 72191.8
1635 8 100000 73368.8
1635 9 100000 74499.8
1635 10 100000 72782.5
1660 0 100000 128500.9
1660 1 100000 68608.9
1660 2 100000 40416.9
1660 3 100000 49151.1
1660 4 100000 55633.5
1660 5 100000 60758.8
1660 6 100000 72408.9
1660 7 100000 72349.8
1660 8 100000 73831.7
1660 9 100000 71911.0
1660 10 100000 72750.0
1685 0 100000 128893.0
1685 1 100000 67841.0
1685 2 100000 41024.6
1685 3 100000 48173.2
1685 4 100000 55257.7
1685 5 100000 61591.5
1685 6 100000 73038.3
1685 7 100000 69960.0
1685 8 100000 72419.8
1685 9 100000 73786.1
1685 10 100000 72477.2
1710 0 100000 128773.3
1710 1 100000 68171.1
1710 2 100000 41079.9
1710 3 100000 51698.2
1710 4 100000 55530.0
1710 5 100000 60525.4
1710 6 100000 72337.8
1710 7 100000 72588.4
1710 8 100000 73985.5
1710 9 100000 73861.8
1710 10 100000 71049.7
1735 0 100000 128802.3
1735 1 100000 67967.3
1735 2 100000 41179.8
1735 3 100000 47632.8
1735 4 100000 55438.1
1735 5 100000 61597.5
1735 6 100000 77688.7
1735 7 100000 84079.3
1735 8 100000 82371.3
1735 9 100000 81575.2
1735 10 100000 84225.2
1760 0 100000 128732.0
1760 1 100000 67979.6
1760 2 100000 39914.9
1760 3 100000 48872.8
1760 4 100000 56532.3
1760 5 100000 64511.7
1760 6 100000 84110.1
1760 7 100000 85115.1
1760 8 100000 83772.9
1760 9 100000 83218.6
1760 10 100000 83216.8
1785 0 100000 128656.2
1785 1 100000 67848.3
1785 2 100000 40990.1
1785 3 100000 47630.6
1785 4 100000 57135.1
1785 5 100000 62844.2
1785 6 100000 81473.6
1785 7 100000 81605.5
1785 8 100000 80211.8
1785 9 100000 83324.8
1785 10 100000 81627.1
1810 0 100000 128819.8
1810 1 100000 68128.0
1810 2 100000 39251.5
1810 3 100000 48287.2
1810 4 100000 54584.8
1810 5 100000 62609.8
1810 6 100000 79463.3
1810 7 100000 81601.6
1810 8 100000 80295.2
1810 9 100000 78886.8
1810 10 100000 81012.2
1835 0 100000 129173.7
1835 1 100000 67915.9
1835 2 100000 40522.3
1835 3 100000 47612.6
1835 4 100000 56129.1
1835 5 100000 64150.9
1835 6 100000 81271.1
1835 7 100000 82644.4
1835 8 100000 82836.7
1835 9 100000 84005.0
1835 10 100000 82617.8
1860 0 100000 128951.3
1860 1 100000 68004.6
1860 2 100000 41249.7
1860 3 100000 48414.0
1860 4 100000 56364.7
1860 5 100000 64929.2
1860 6 100000 82942.5
1860 7 100000 83652.8
1860 8 100000 85747.1
1860 9 100000 84094.0
1860 10 100000 82649.6
1885 0 100000 128524.4
1885 1 100000 67855.5
1885 2 100000 41276.6
1885 3 100000 48496.7
1885 4 100000 57249.5
1885 5 100000 64408.6
1885 6 100000 83232.4
1885 7 100000 85790.2
1885 8 100000 83950.3
1885 9 100000 83089.8
1885 10 100000 86342.8
1910 0 100000 128833.5
1910 1 100000 67915.8
1910 2 100000 42103.1
1910 3 100000 49598.8
1910 4 100000 57360.7
1910 5 100000 66749.8
1910 6 100000 82790.2
1910 7 100000 81682.3
1910 8 100000 85416.4
1910 9 100000 81490.6
1910 10 100000 82825.8
1935 0 100000 128698.0
1935 1 100000 67816.6
1935 2 100000 41209.5
1935 3 100000 47639.2
1935 4 100000 58319.1
1935 5 100000 64646.1
1935 6 100000 82329.2
1935 7 100000 82849.8
1935 8 100000 82950.1
1935 9 100000 81317.3
1935 10 100000 83855.9
1960 0 100000 128603.0
1960 1 100000 67942.4
1960 2 100000 40370.7
1960 3 100000 49672.6
1960 4 100000 58584.9
1960 5 100000 65850.8
1960 6 100000 83981.1
1960 7 100000 83913.3
1960 8 100000 84418.7
1960 9 100000 80967.8
1960 10 100000 83427.5
1985 0 100000 128689.5
1985 1 100000 67938.9
1985 2 100000 40574.9
1985 3 100000 48439.8
1985 4 100000 58797.1
1985 5 100000 65902.2
1985 6 100000 84130.8
1985 7 100000 82730.3
1985 8 100000 83909.1
1985 9 100000 82999.1
1985 10 100000 84678.6
2010 0 100000 128709.8
2010 1 100000 68438.6
2010 2 100000 40815.0
2010 3 100000 49438.2
2010 4 100000 56822.6
2010 5 100000 65372.5
2010 6 100000 84445.9
2010 7 100000 83368.1
2010 8 100000 83639.4
2010 9 100000 82717.2
2010 10 100000 86072.1
