10 0 10000 6381.1
10 1 10000 8902.0
10 2 10000 8402.2
10 3 10000 9586.2
10 4 10000 10679.6
10 5 10000 15688.2
10 6 10000 30743.1
10 7 10000 50330.6
10 8 10000 94688.3
10 9 10000 197970.2
10 10 10000 413571.2
35 0 10000 6421.7
35 1 10000 6075.5
35 2 10000 6229.0
35 3 10000 6718.6
35 4 10000 8712.2
35 5 10000 12781.4
35 6 10000 26026.3
35 7 10000 46300.3
35 8 10000 94056.1
35 9 10000 198524.6
35 10 10000 190068.8
60 0 10000 5440.8
60 1 10000 4832.0
60 2 10000 5182.5
60 3 10000 5949.4
60 4 10000 7915.3
60 5 10000 14581.4
60 6 10000 26644.6
60 7 10000 48650.4
60 8 10000 101087.6
60 9 10000 90757.0
60 10 10000 93572.9
85 0 10000 6136.8
85 1 10000 4395.7
85 2 10000 4754.0
85 3 10000 5946.4
85 4 10000 7435.2
85 5 10000 15527.5
85 6 10000 26896.8
85 7 10000 53065.3
85 8 10000 46827.9
85 9 10000 48710.7
85 10 10000 46501.6
110 0 10000 4690.9
110 1 10000 4531.0
110 2 10000 4717.9
110 3 10000 5514.7
110 4 10000 8265.8
110 5 10000 14659.2
110 6 10000 26744.3
110 7 10000 54315.6
110 8 10000 49479.0
110 9 10000 47423.5
110 10 10000 53369.3
135 0 10000 8305.6
135 1 10000 4423.8
135 2 10000 4669.6
135 3 10000 5767.5
135 4 10000 8726.3
135 5 10000 15347.0
135 6 10000 26713.0
135 7 10000 51547.2
135 8 10000 54872.1
135 9 10000 48434.2
135 10 10000 48748.8
160 0 10000 5133.2
160 1 10000 4589.9
160 2 10000 4818.3
160 3 10000 5805.4
160 4 10000 9404.7
160 5 10000 13460.3
160 6 10000 29204.6
160 7 10000 27852.3
160 8 10000 30834.6
160 9 10000 26194.3
160 10 10000 25927.9
185 0 10000 6129.8
185 1 10000 5570.1
185 2 10000 4903.9
185 3 10000 5650.5
185 4 10000 7586.4
185 5 10000 17391.7
185 6 10000 27183.7
185 7 10000 26163.2
185 8 10000 25806.4
185 9 10000 27447.8
185 10 10000 25852.8
210 0 10000 6257.9
210 1 10000 4474.9
210 2 10000 4831.5
210 3 10000 5729.5
210 4 10000 7531.0
210 5 10000 14282.3
210 6 10000 27562.0
210 7 10000 26532.7
210 8 10000 26552.1
210 9 10000 26162.7
210 10 10000 25590.3
235 0 10000 5841.2
235 1 10000 4560.5
235 2 10000 4963.3
235 3 10000 5623.0
235 4 10000 7963.2
235 5 10000 14277.9
235 6 10000 26548.4
235 7 10000 25843.0
235 8 10000 26545.7
235 9 10000 24550.6
235 10 10000 26477.2
260 0 10000 5726.1
260 1 10000 4533.8
260 2 10000 4744.2
260 3 10000 5954.6
260 4 10000 8757.8
260 5 10000 13909.0
260 6 10000 27426.5
260 7 10000 24580.2
260 8 10000 28307.5
260 9 10000 26581.4
260 10 10000 24333.1
285 0 10000 5661.9
285 1 10000 4556.4
285 2 10000 4618.2
285 3 10000 5843.6
285 4 10000 8720.7
285 5 10000 14510.9
285 6 10000 27583.0
285 7 10000 25789.0
285 8 10000 26215.0
285 9 10000 25370.5
285 10 10000 24880.3
310 0 10000 5666.0
310 1 10000 4591.7
310 2 10000 4817.9
310 3 10000 5727.0
310 4 10000 8701.9
310 5 10000 14073.9
310 6 10000 30591.0
310 7 10000 24493.1
310 8 10000 25065.4
310 9 10000 25699.4
310 10 10000 27130.0
335 0 10000 6154.4
335 1 10000 4990.6
335 2 10000 4814.0
335 3 10000 6719.8
335 4 10000 8511.9
335 5 10000 12797.2
335 6 10000 12958.0
335 7 10000 15650.2
335 8 10000 14508.4
335 9 10000 12425.0
335 10 10000 13644.7
360 0 10000 6139.3
360 1 10000 5079.0
360 2 10000 4955.7
360 3 10000 6226.1
360 4 10000 8227.7
360 5 10000 14756.3
360 6 10000 14982.7
360 7 10000 16313.5
360 8 10000 13520.7
360 9 10000 13271.0
360 10 10000 12436.2
385 0 10000 6086.3
385 1 10000 5196.3
385 2 10000 5129.7
385 3 10000 6428.0
385 4 10000 8183.0
385 5 10000 12981.0
385 6 10000 13677.0
385 7 10000 11941.4
385 8 10000 13155.3
385 9 10000 14936.3
385 10 10000 12474.0
410 0 10000 6854.1
410 1 10000 5024.4
410 2 10000 5280.2
410 3 10000 6415.5
410 4 10000 7854.4
410 5 10000 12307.1
410 6 10000 12797.0
410 7 10000 13424.5
410 8 10000 14109.1
410 9 10000 14473.7
410 10 10000 12188.8
435 0 10000 6713.6
435 1 10000 5190.4
435 2 10000 4750.4
435 3 10000 6191.6
435 4 10000 8793.8
435 5 10000 13642.3
435 6 10000 13510.6
435 7 10000 15306.7
435 8 10000 13697.3
435 9 10000 13267.6
435 10 10000 12974.6
460 0 10000 6150.1
460 1 10000 5003.4
460 2 10000 5217.8
460 3 10000 5922.7
460 4 10000 9949.8
460 5 10000 14407.9
460 6 10000 13871.9
460 7 10000 14717.5
460 8 10000 15252.2
460 9 10000 14507.5
460 10 10000 13136.2
485 0 10000 6215.0
485 1 10000 5075.9
485 2 10000 5155.4
485 3 10000 6304.4
485 4 10000 10038.9
485 5 10000 14489.4
485 6 10000 13121.4
485 7 10000 12938.6
485 8 10000 13998.5
485 9 10000 12641.2
485 10 10000 13895.4
510 0 10000 6131.1
510 1 10000 5095.9
510 2 10000 5126.1
510 3 10000 6607.9
510 4 10000 9479.5
510 5 10000 12724.1
510 6 10000 15400.0
510 7 10000 13619.7
510 8 10000 13262.2
510 9 10000 13402.8
510 10 10000 13252.9
535 0 10000 6171.3
535 1 10000 4935.6
535 2 10000 4978.5
535 3 10000 6379.6
535 4 10000 8621.8
535 5 10000 14590.7
535 6 10000 14214.6
535 7 10000 13722.0
535 8 10000 14498.9
535 9 10000 14829.8
535 10 10000 13201.3
560 0 10000 6130.5
560 1 10000 5082.7
560 2 10000 5183.4
560 3 10000 7272.3
560 4 10000 9644.5
560 5 10000 13022.8
560 6 10000 15331.6
560 7 10000 13333.4
560 8 10000 14623.3
560 9 10000 13286.4
560 10 10000 11473.7
585 0 10000 6152.7
585 1 10000 4991.9
585 2 10000 5132.6
585 3 10000 6250.9
585 4 10000 8898.1
585 5 10000 14476.1
585 6 10000 13928.3
585 7 10000 13908.5
585 8 10000 13115.3
585 9 10000 13776.9
585 10 10000 12898.7
610 0 10000 6113.9
610 1 10000 5101.4
610 2 10000 5243.5
610 3 10000 6608.1
610 4 10000 8015.4
610 5 10000 15166.1
610 6 10000 16661.7
610 7 10000 11917.4
610 8 10000 13638.6
610 9 10000 13746.7
610 10 10000 12840.6
635 0 10000 8362.9
635 1 10000 6172.8
635 2 10000 5975.5
635 3 10000 7971.0
635 4 10000 8494.9
635 5 10000 9045.7
635 6 10000 8477.9
635 7 10000 9370.0
635 8 10000 9933.6
635 9 10000 8568.9
635 10 10000 8534.9
660 0 10000 8306.3
660 1 10000 6121.0
660 2 10000 6345.7
660 3 10000 7175.4
660 4 10000 9501.1
660 5 10000 8923.0
660 6 10000 10644.4
660 7 10000 9683.6
660 8 10000 8643.3
660 9 10000 10979.7
660 10 10000 9022.8
685 0 10000 8356.5
685 1 10000 6177.8
685 2 10000 6532.8
685 3 10000 8093.2
685 4 10000 8379.9
685 5 10000 9702.6
685 6 10000 9487.1
685 7 10000 10040.6
685 8 10000 9293.8
685 9 10000 8459.2
685 10 10000 8538.2
710 0 10000 8521.1
710 1 10000 6223.0
710 2 10000 6419.9
710 3 10000 7569.3
710 4 10000 10683.6
710 5 10000 8669.6
710 6 10000 10160.0
710 7 10000 10099.7
710 8 10000 9270.7
710 9 10000 9431.6
710 10 10000 8571.1
735 0 10000 8368.5
735 1 10000 6213.6
735 2 10000 6166.5
735 3 10000 7389.1
735 4 10000 8664.2
735 5 10000 9158.6
735 6 10000 8831.5
735 7 10000 9293.6
735 8 10000 10444.3
735 9 10000 9942.9
735 10 10000 9459.2
760 0 10000 8241.8
760 1 10000 6993.2
760 2 10000 6090.2
760 3 10000 7399.2
760 4 10000 11003.7
760 5 10000 8621.2
760 6 10000 9910.2
760 7 10000 8757.5
760 8 10000 8867.0
760 9 10000 9819.6
760 10 10000 8465.2
785 0 10000 8298.8
785 1 10000 6090.5
785 2 10000 5802.1
785 3 10000 7238.4
785 4 10000 10021.9
785 5 10000 9625.9
785 6 10000 10510.4
785 7 10000 9431.9
785 8 10000 10628.4
785 9 10000 8680.1
785 10 10000 10310.7
810 0 10000 8328.4
810 1 10000 6125.4
810 2 10000 5703.6
810 3 10000 7303.7
810 4 10000 10427.1
810 5 10000 9101.4
810 6 10000 10911.0
810 7 10000 9550.0
810 8 10000 9814.0
810 9 10000 9828.8
810 10 10000 9449.5
835 0 10000 8422.4
835 1 10000 6154.3
835 2 10000 5559.6
835 3 10000 7595.9
835 4 10000 9221.9
835 5 10000 9452.0
835 6 10000 8850.6
835 7 10000 8762.2
835 8 10000 8849.0
835 9 10000 8986.7
835 10 10000 9436.1
860 0 10000 8494.7
860 1 10000 6371.0
860 2 10000 6258.6
860 3 10000 7470.8
860 4 10000 9664.8
860 5 10000 8633.0
860 6 10000 9548.6
860 7 10000 9657.5
860 8 10000 9495.6
860 9 10000 9240.0
860 10 10000 9329.5
885 0 10000 8466.6
885 1 10000 6180.5
885 2 10000 6351.5
885 3 10000 8030.3
885 4 10000 9241.1
885 5 10000 8253.1
885 6 10000 8419.7
885 7 10000 8401.9
885 8 10000 10679.3
885 9 10000 9197.1
885 10 10000 9096.1
910 0 10000 8338.1
910 1 10000 6198.6
910 2 10000 5820.0
910 3 10000 8299.0
910 4 10000 8706.2
910 5 10000 9027.9
910 6 10000 10495.6
910 7 10000 9858.5
910 8 10000 9772.0
910 9 10000 9434.7
910 10 10000 8961.2
935 0 10000 8457.3
935 1 10000 6133.3
935 2 10000 5877.4
935 3 10000 7884.3
935 4 10000 8489.4
935 5 10000 10085.5
935 6 10000 8725.7
935 7 10000 9260.5
935 8 10000 9092.6
935 9 10000 10249.4
935 10 10000 9878.7
960 0 10000 8456.3
960 1 10000 6191.2
960 2 10000 6328.0
960 3 10000 7478.5
960 4 10000 9657.7
960 5 10000 8651.3
960 6 10000 10960.6
960 7 10000 9662.5
960 8 10000 9568.8
960 9 10000 10174.2
960 10 10000 9907.3
985 0 10000 8322.9
985 1 10000 6468.0
985 2 10000 6036.0
985 3 10000 7603.2
985 4 10000 8997.5
985 5 10000 9744.6
985 6 10000 8926.9
985 7 10000 9672.6
985 8 10000 10109.3
985 9 10000 9964.6
985 10 10000 9024.1
1010 0 10000 8505.5
1010 1 10000 6206.5
1010 2 10000 6374.9
1010 3 10000 7691.0
1010 4 10000 8530.8
1010 5 10000 8910.3
1010 6 10000 9555.1
1010 7 10000 9023.1
1010 8 10000 8690.3
1010 9 10000 9547.7
1010 10 10000 9639.8
1035 0 10000 8445.2
1035 1 10000 6469.3
1035 2 10000 5965.9
1035 3 10000 7592.5
1035 4 10000 9502.3
1035 5 10000 8677.4
1035 6 10000 9502.9
1035 7 10000 9977.0
1035 8 10000 9576.8
1035 9 10000 8707.1
1035 10 10000 10017.5
1060 0 10000 8417.1
1060 1 10000 6240.8
1060 2 10000 5948.4
1060 3 10000 7948.0
1060 4 10000 9125.8
1060 5 10000 9750.8
1060 6 10000 10859.0
1060 7 10000 9751.8
1060 8 10000 9713.5
1060 9 10000 8604.5
1060 10 10000 10691.5
1085 0 10000 8421.4
1085 1 10000 6180.0
1085 2 10000 5935.9
1085 3 10000 8190.9
1085 4 10000 9030.1
1085 5 10000 9384.2
1085 6 10000 10331.9
1085 7 10000 9796.0
1085 8 10000 9511.2
1085 9 10000 8872.1
1085 10 10000 9144.8
1110 0 10000 8335.7
1110 1 10000 6140.7
1110 2 10000 6182.8
1110 3 10000 7473.8
1110 4 10000 9838.8
1110 5 10000 9655.3
1110 6 10000 8528.9
1110 7 10000 8476.7
1110 8 10000 8784.7
1110 9 10000 9907.9
1110 10 10000 9058.9
1135 0 10000 8361.3
1135 1 10000 6127.7
1135 2 10000 6159.9
1135 3 10000 7848.1
1135 4 10000 9249.0
1135 5 10000 9633.3
1135 6 10000 9749.3
1135 7 10000 9359.4
1135 8 10000 9358.9
1135 9 10000 9173.0
1135 10 10000 8953.6
1160 0 10000 8263.9
1160 1 10000 6188.0
1160 2 10000 5948.3
1160 3 10000 8194.7
1160 4 10000 9431.6
1160 5 10000 8828.8
1160 6 10000 9710.9
1160 7 10000 9318.5
1160 8 10000 9571.3
1160 9 10000 9793.0
1160 10 10000 10752.0
1185 0 10000 8512.9
1185 1 10000 6189.1
1185 2 10000 6162.5
1185 3 10000 7775.9
1185 4 10000 9948.5
1185 5 10000 8822.8
1185 6 10000 8615.8
1185 7 10000 9285.7
1185 8 10000 8949.2
1185 9 10000 9543.7
1185 10 10000 8966.9
1210 0 10000 8518.7
1210 1 10000 6184.6
1210 2 10000 6096.7
1210 3 10000 7512.3
1210 4 10000 9375.9
1210 5 10000 9914.2
1210 6 10000 8927.7
1210 7 10000 8832.7
1210 8 10000 9865.9
1210 9 10000 9850.2
1210 10 10000 9125.3
1235 0 10000 8544.5
1235 1 10000 6205.0
1235 2 10000 6321.6
1235 3 10000 7843.2
1235 4 10000 9248.3
1235 5 10000 8564.9
1235 6 10000 9473.4
1235 7 10000 8212.3
1235 8 10000 8638.3
1235 9 10000 9382.9
1235 10 10000 8668.7
1260 0 10000 13147.9
1260 1 10000 8706.3
1260 2 10000 7320.5
1260 3 10000 10379.1
1260 4 10000 9558.8
1260 5 10000 9554.3
1260 6 10000 9505.1
1260 7 10000 9773.6
1260 8 10000 9395.5
1260 9 10000 9710.8
1260 10 10000 9522.8
1285 0 10000 13226.5
1285 1 10000 8610.8
1285 2 10000 8045.2
1285 3 10000 9639.3
1285 4 10000 9487.1
1285 5 10000 13035.8
1285 6 10000 9577.8
1285 7 10000 9549.0
1285 8 10000 9902.7
1285 9 10000 9638.0
1285 10 10000 9677.8
1310 0 10000 13199.7
1310 1 10000 8476.3
1310 2 10000 7990.2
1310 3 10000 9481.9
1310 4 10000 9229.1
1310 5 10000 10058.6
1310 6 10000 9821.3
1310 7 10000 9669.8
1310 8 10000 9218.1
1310 9 10000 10153.1
1310 10 10000 9721.8
1335 0 10000 13233.4
1335 1 10000 8646.3
1335 2 10000 7556.2
1335 3 10000 9163.2
1335 4 10000 9697.0
1335 5 10000 9807.1
1335 6 10000 9811.0
1335 7 10000 9289.1
1335 8 10000 10123.1
1335 9 10000 9679.4
1335 10 10000 9466.0
1360 0 10000 13245.8
1360 1 10000 8711.2
1360 2 10000 8005.2
1360 3 10000 9618.6
1360 4 10000 9668.3
1360 5 10000 9590.1
1360 6 10000 14531.8
1360 7 10000 9831.6
1360 8 10000 9422.5
1360 9 10000 9354.3
1360 10 10000 9817.0
1385 0 10000 13245.1
1385 1 10000 8623.9
1385 2 10000 8357.8
1385 3 10000 10143.9
1385 4 10000 9763.2
1385 5 10000 10071.3
1385 6 10000 10086.2
1385 7 10000 9508.9
1385 8 10000 9362.2
1385 9 10000 9489.7
1385 10 10000 9053.9
1410 0 10000 13249.4
1410 1 10000 8491.3
1410 2 10000 7503.0
1410 3 10000 9245.1
1410 4 10000 9853.7
1410 5 10000 9575.1
1410 6 10000 10471.4
1410 7 10000 9658.9
1410 8 10000 9748.5
1410 9 10000 9508.5
1410 10 10000 9793.1
1435 0 10000 13242.1
1435 1 10000 8865.7
1435 2 10000 7879.2
1435 3 10000 9926.8
1435 4 10000 9513.4
1435 5 10000 9289.4
1435 6 10000 9310.9
1435 7 10000 9715.7
1435 8 10000 9714.8
1435 9 10000 9724.3
1435 10 10000 9763.6
1460 0 10000 13258.6
1460 1 10000 9037.2
1460 2 10000 8082.7
1460 3 10000 9860.2
1460 4 10000 9478.8
1460 5 10000 10264.6
1460 6 10000 9925.1
1460 7 10000 9809.4
1460 8 10000 9893.6
1460 9 10000 9382.3
1460 10 10000 9672.4
1485 0 10000 13247.7
1485 1 10000 8747.6
1485 2 10000 7844.2
1485 3 10000 9894.7
1485 4 10000 9936.3
1485 5 10000 9543.1
1485 6 10000 9222.8
1485 7 10000 9250.3
1485 8 10000 9954.3
1485 9 10000 9742.4
1485 10 10000 9666.0
1510 0 10000 13217.4
1510 1 10000 8708.4
1510 2 10000 8103.7
1510 3 10000 9919.6
1510 4 10000 9334.2
1510 5 10000 9527.5
1510 6 10000 9450.6
1510 7 10000 9719.7
1510 8 10000 9954.4
1510 9 10000 9413.9
1510 10 10000 10227.8
1535 0 10000 13209.5
1535 1 10000 9155.0
1535 2 10000 7891.2
1535 3 10000 9283.0
1535 4 10000 9318.8
1535 5 10000 9933.7
1535 6 10000 9914.5
1535 7 10000 9655.4
1535 8 10000 9494.5
1535 9 10000 9991.8
1535 10 10000 9243.4
1560 0 10000 13234.9
1560 1 10000 8641.7
1560 2 10000 8030.9
1560 3 10000 9965.7
1560 4 10000 9671.2
1560 5 10000 9484.3
1560 6 10000 9969.7
1560 7 10000 9416.0
1560 8 10000 9861.7
1560 9 10000 9617.9
1560 10 10000 9574.4
1585 0 10000 13365.5
1585 1 10000 8675.1
1585 2 10000 8207.8
1585 3 10000 9443.4
1585 4 10000 9795.4
1585 5 10000 9627.8
1585 6 10000 9687.1
1585 7 10000 9663.2
1585 8 10000 9176.9
1585 9 10000 9307.8
1585 10 10000 9502.3
1610 0 10000 13266.8
1610 1 10000 8716.8
1610 2 10000 7530.7
1610 3 10000 10278.6
1610 4 10000 9492.4
1610 5 10000 9472.9
1610 6 10000 9330.1
1610 7 10000 9876.0
1610 8 10000 9937.5
1610 9 10000 9413.9
1610 10 10000 9517.2
1635 0 10000 13224.7
1635 1 10000 8551.8
1635 2 10000 7790.7
1635 3 10000 10045.3
1635 4 10000 9738.9
1635 5 10000 9043.1
1635 6 10000 9948.6
1635 7 10000 9906.8
1635 8 10000 10420.4
1635 9 10000 9523.3
1635 10 10000 9785.8
1660 0 10000 13198.7
1660 1 10000 9019.8
1660 2 10000 7843.5
1660 3 10000 10068.8
1660 4 10000 9543.7
1660 5 10000 10107.0
1660 6 10000 10062.8
1660 7 10000 9333.6
1660 8 10000 9413.3
1660 9 10000 10058.8
1660 10 10000 9912.2
1685 0 10000 13194.6
1685 1 10000 8982.4
1685 2 10000 7967.8
1685 3 10000 9189.8
1685 4 10000 9386.8
1685 5 10000 9514.3
1685 6 10000 10071.0
1685 7 10000 10118.4
1685 8 10000 9722.8
1685 9 10000 9628.2
1685 10 10000 9692.0
1710 0 10000 13227.7
1710 1 10000 8591.3
1710 2 10000 7527.7
1710 3 10000 10004.9
1710 4 10000 9685.4
1710 5 10000 9414.2
1710 6 10000 9300.9
1710 7 10000 9578.1
1710 8 10000 9594.7
1710 9 10000 9971.8
1710 10 10000 9272.4
1735 0 10000 13272.3
1735 1 10000 8700.1
1735 2 10000 8056.6
1735 3 10000 9338.1
1735 4 10000 9574.0
1735 5 10000 9537.6
1735 6 10000 9311.6
1735 7 10000 9663.3
1735 8 10000 9783.6
1735 9 10000 9279.5
1735 10 10000 9417.5
1760 0 10000 13222.0
1760 1 10000 8589.6
1760 2 10000 7558.4
1760 3 10000 9610.3
1760 4 10000 10218.0
1760 5 10000 9562.7
1760 6 10000 9854.5
1760 7 10000 9686.0
1760 8 10000 9696.6
1760 9 10000 9528.6
1760 10 10000 9980.3
1785 0 10000 13178.2
1785 1 10000 8992.1
1785 2 10000 7685.6
1785 3 10000 9540.8
1785 4 10000 9626.3
1785 5 10000 9799.2
1785 6 10000 9897.8
1785 7 10000 9581.0
1785 8 10000 9699.1
1785 9 10000 9906.6
1785 10 10000 9846.7
1810 0 10000 13210.9
1810 1 10000 8676.9
1810 2 10000 7428.5
1810 3 10000 9122.3
1810 4 10000 9502.7
1810 5 10000 9793.7
1810 6 10000 9676.1
1810 7 10000 9813.7
1810 8 10000 9610.9
1810 9 10000 9895.7
1810 10 10000 9476.2
1835 0 10000 13228.1
1835 1 10000 8810.5
1835 2 10000 7804.0
1835 3 10000 9408.6
1835 4 10000 9704.3
1835 5 10000 9430.6
1835 6 10000 8990.4
1835 7 10000 9865.1
1835 8 10000 9875.1
1835 9 10000 9243.0
1835 10 10000 9771.4
1860 0 10000 13198.2
1860 1 10000 8911.2
1860 2 10000 7918.1
1860 3 10000 9595.4
1860 4 10000 9215.6
1860 5 10000 9586.7
1860 6 10000 10059.0
1860 7 10000 9621.4
1860 8 10000 9090.3
1860 9 10000 9615.0
1860 10 10000 9695.5
1885 0 10000 13284.2
1885 1 10000 9266.7
1885 2 10000 7693.0
1885 3 10000 9612.4
1885 4 10000 9518.1
1885 5 10000 9626.5
1885 6 10000 9980.5
1885 7 10000 10105.5
1885 8 10000 9781.6
1885 9 10000 9681.1
1885 10 10000 9564.9
1910 0 10000 13135.0
1910 1 10000 8522.7
1910 2 10000 7898.6
1910 3 10000 9863.2
1910 4 10000 9839.5
1910 5 10000 9753.0
1910 6 10000 9497.8
1910 7 10000 9577.0
1910 8 10000 9306.1
1910 9 10000 9796.1
1910 10 10000 8879.2
1935 0 10000 13223.3
1935 1 10000 9045.0
1935 2 10000 7886.6
1935 3 10000 9522.8
1935 4 10000 9425.4
1935 5 10000 9396.6
1935 6 10000 9771.5
1935 7 10000 9495.2
1935 8 10000 9201.1
1935 9 10000 9924.6
1935 10 10000 9885.6
1960 0 10000 13199.3
1960 1 10000 8702.4
1960 2 10000 8100.1
1960 3 10000 9768.6
1960 4 10000 10079.8
1960 5 10000 9909.9
1960 6 10000 9718.5
1960 7 10000 8991.3
1960 8 10000 9706.1
1960 9 10000 9275.0
1960 10 10000 9637.0
1985 0 10000 13090.8
1985 1 10000 8584.0
1985 2 10000 8634.3
1985 3 10000 9577.5
1985 4 10000 9363.1
1985 5 10000 9759.7
1985 6 10000 9269.1
1985 7 10000 10006.6
1985 8 10000 9948.2
1985 9 10000 9842.6
1985 10 10000 9690.9
2010 0 10000 13361.5
2010 1 10000 8549.7
2010 2 10000 7978.1
2010 3 10000 9771.9
2010 4 10000 9913.8
2010 5 10000 9688.5
2010 6 10000 9163.4
2010 7 10000 9532.9
2010 8 10000 9519.4
2010 9 10000 9666.1
2010 10 10000 9755.9
