10 0 1000000 443221.6
10 1 1000000 699843.7
10 2 1000000 630900.3
10 3 1000000 571735.9
10 4 1000000 544927.3
10 5 1000000 532092.2
10 6 1000000 534392.8
10 7 1000000 544535.1
10 8 1000000 578331.0
10 9 1000000 689549.6
10 10 1000000 163086.0
35 0 1000000 235977.3
35 1 1000000 208037.6
35 2 1000000 190053.6
35 3 1000000 176027.1
35 4 1000000 170507.3
35 5 1000000 170204.1
35 6 1000000 180682.4
35 7 1000000 239800.1
35 8 1000000 314827.5
35 9 1000000 478138.9
35 10 1000000 752565.1
60 0 1000000 233673.8
60 1 1000000 204958.0
60 2 1000000 189606.8
60 3 1000000 176543.3
60 4 1000000 171090.7
60 5 1000000 169961.5
60 6 1000000 176435.5
60 7 1000000 218762.4
60 8 1000000 313626.6
60 9 1000000 500865.8
60 10 1000000 743641.1
85 0 1000000 217885.1
85 1 1000000 148814.6
85 2 1000000 121806.3
85 3 1000000 121931.1
85 4 1000000 127758.9
85 5 1000000 148923.3
85 6 1000000 181601.2
85 7 1000000 227548.6
85 8 1000000 327195.6
85 9 1000000 477007.8
85 10 1000000 783219.8
110 0 1000000 215205.2
110 1 1000000 146707.6
110 2 1000000 124855.8
110 3 1000000 123377.2
110 4 1000000 133082.1
110 5 1000000 150922.2
110 6 1000000 187438.9
110 7 1000000 234668.9
110 8 1000000 328019.1
110 9 1000000 483151.1
110 10 1000000 778814.0
135 0 1000000 238052.0
135 1 1000000 141998.6
135 2 1000000 100476.0
135 3 1000000 107717.8
135 4 1000000 119540.5
135 5 1000000 138478.3
135 6 1000000 168802.3
135 7 1000000 220783.2
135 8 1000000 364374.3
135 9 1000000 521886.8
135 10 1000000 769541.4
160 0 1000000 236389.6
160 1 1000000 141248.3
160 2 1000000 100055.3
160 3 1000000 109704.9
160 4 1000000 123668.2
160 5 1000000 138035.1
160 6 1000000 168817.5
160 7 1000000 225286.6
160 8 1000000 305905.3
160 9 1000000 472450.0
160 10 1000000 791381.3
185 0 1000000 238328.8
185 1 1000000 142718.3
185 2 1000000 102028.5
185 3 1000000 108878.6
185 4 1000000 118896.2
185 5 1000000 139425.0
185 6 1000000 169878.3
185 7 1000000 219856.6
185 8 1000000 315100.4
185 9 1000000 468048.5
185 10 1000000 783500.9
210 0 1000000 237910.7
210 1 1000000 142947.6
210 2 1000000 100975.3
210 3 1000000 110306.8
210 4 1000000 118870.2
210 5 1000000 138889.2
210 6 1000000 166722.3
210 7 1000000 224005.0
210 8 1000000 312302.7
210 9 1000000 463116.7
210 10 1000000 773576.0
235 0 1000000 238894.2
235 1 1000000 143491.7
235 2 1000000 102806.3
235 3 1000000 107691.1
235 4 1000000 121123.2
235 5 1000000 137989.4
235 6 1000000 167643.3
235 7 1000000 222996.2
235 8 1000000 308734.1
235 9 1000000 473301.8
235 10 1000000 777768.2
260 0 1000000 311908.8
260 1 1000000 175150.1
260 2 1000000 113479.2
260 3 1000000 124529.7
260 4 1000000 135394.5
260 5 1000000 152579.7
260 6 1000000 183787.4
260 7 1000000 235572.5
260 8 1000000 316326.6
260 9 1000000 482424.1
260 10 1000000 778500.1
285 0 1000000 312213.5
285 1 1000000 174114.7
285 2 1000000 111542.9
285 3 1000000 121183.6
285 4 1000000 124262.4
285 5 1000000 127282.0
285 6 1000000 135432.6
285 7 1000000 151498.2
285 8 1000000 182304.5
285 9 1000000 307541.6
285 10 1000000 516547.4
310 0 1000000 313282.4
310 1 1000000 174181.0
310 2 1000000 118873.0
310 3 1000000 120153.7
310 4 1000000 123968.9
310 5 1000000 126112.3
310 6 1000000 132520.0
310 7 1000000 147361.7
310 8 1000000 188338.0
310 9 1000000 311853.9
310 10 1000000 522478.9
335 0 1000000 311561.0
335 1 1000000 173995.0
335 2 1000000 110774.5
335 3 1000000 121178.5
335 4 1000000 124736.5
335 5 1000000 127674.2
335 6 1000000 131629.5
335 7 1000000 145243.3
335 8 1000000 196700.1
335 9 1000000 318178.3
335 10 1000000 523118.7
360 0 1000000 312551.5
360 1 1000000 174880.5
360 2 1000000 111072.4
360 3 1000000 123481.4
360 4 1000000 124671.6
360 5 1000000 127283.9
360 6 1000000 130214.9
360 7 1000000 148356.1
360 8 1000000 196762.1
360 9 1000000 322706.9
360 10 1000000 527073.9
385 0 1000000 312330.1
385 1 1000000 184185.6
385 2 1000000 115054.4
385 3 1000000 123498.7
385 4 1000000 121705.0
385 5 1000000 124189.7
385 6 1000000 132985.2
385 7 1000000 149290.3
385 8 1000000 200993.0
385 9 1000000 331758.9
385 10 1000000 519534.4
410 0 1000000 311240.7
410 1 1000000 174166.9
410 2 1000000 111081.0
410 3 1000000 119309.0
410 4 1000000 123506.2
410 5 1000000 122878.3
410 6 1000000 131963.9
410 7 1000000 147684.1
410 8 1000000 203063.2
410 9 1000000 341399.7
410 10 1000000 524199.0
435 0 1000000 312149.9
435 1 1000000 174175.9
435 2 1000000 115303.1
435 3 1000000 120497.1
435 4 1000000 124231.1
435 5 1000000 124986.9
435 6 1000000 130245.7
435 7 1000000 146739.9
435 8 1000000 222031.0
435 9 1000000 333423.8
435 10 1000000 527910.9
460 0 1000000 310755.6
460 1 1000000 173216.6
460 2 1000000 112738.6
460 3 1000000 119542.3
460 4 1000000 123714.7
460 5 1000000 126155.6
460 6 1000000 131001.1
460 7 1000000 157301.3
460 8 1000000 229544.8
460 9 1000000 336474.2
460 10 1000000 542910.3
485 0 1000000 310472.5
485 1 1000000 173076.4
485 2 1000000 110360.2
485 3 1000000 119223.0
485 4 1000000 122733.0
485 5 1000000 127056.8
485 6 1000000 132474.2
485 7 1000000 153627.0
485 8 1000000 230325.8
485 9 1000000 344970.9
485 10 1000000 534038.0
510 0 1000000 481761.9
510 1 1000000 258479.7
510 2 1000000 155862.5
510 3 1000000 166694.6
510 4 1000000 170157.5
510 5 1000000 169112.0
510 6 1000000 174183.5
510 7 1000000 199423.4
510 8 1000000 278403.8
510 9 1000000 387963.4
510 10 1000000 589618.8
535 0 1000000 487246.1
535 1 1000000 258547.8
535 2 1000000 155330.8
535 3 1000000 168755.6
535 4 1000000 167556.2
535 5 1000000 169523.0
535 6 1000000 177231.9
535 7 1000000 210622.0
535 8 1000000 279894.5
535 9 1000000 388737.4
535 10 1000000 601899.0
560 0 1000000 482046.1
560 1 1000000 257977.8
560 2 1000000 159349.0
560 3 1000000 168760.6
560 4 1000000 167346.9
560 5 1000000 171211.6
560 6 1000000 192841.0
560 7 1000000 234124.2
560 8 1000000 303102.4
560 9 1000000 402530.5
560 10 1000000 625423.7
585 0 1000000 482318.6
585 1 1000000 258014.3
585 2 1000000 158047.4
585 3 1000000 167181.5
585 4 1000000 165777.3
585 5 1000000 172760.1
585 6 1000000 197831.0
585 7 1000000 232025.3
585 8 1000000 301067.6
585 9 1000000 407605.6
585 10 1000000 627864.9
610 0 1000000 480103.8
610 1 1000000 257039.7
610 2 1000000 153542.5
610 3 1000000 164138.2
610 4 1000000 166825.8
610 5 1000000 176794.7
610 6 1000000 183801.1
610 7 1000000 222404.5
610 8 1000000 283121.9
610 9 1000000 394605.0
610 10 1000000 595363.0
635 0 1000000 479925.8
635 1 1000000 256817.9
635 2 1000000 154533.6
635 3 1000000 165373.7
635 4 1000000 168145.3
635 5 1000000 168666.1
635 6 1000000 179426.6
635 7 1000000 224918.9
635 8 1000000 278642.7
635 9 1000000 397765.1
635 10 1000000 591410.0
660 0 1000000 480108.7
660 1 1000000 256892.8
660 2 1000000 153605.9
660 3 1000000 166128.1
660 4 1000000 167288.0
660 5 1000000 167378.6
660 6 1000000 181627.5
660 7 1000000 222470.8
660 8 1000000 307969.4
660 9 1000000 485905.2
660 10 1000000 743888.5
685 0 1000000 480141.2
685 1 1000000 256778.5
685 2 1000000 154490.4
685 3 1000000 164429.0
685 4 1000000 169105.4
685 5 1000000 167556.5
685 6 1000000 184839.8
685 7 1000000 243262.9
685 8 1000000 325599.3
685 9 1000000 486208.2
685 10 1000000 776022.7
710 0 1000000 480244.4
710 1 1000000 256699.8
710 2 1000000 153069.5
710 3 1000000 167951.2
710 4 1000000 167256.0
710 5 1000000 168891.5
710 6 1000000 188681.4
710 7 1000000 251293.5
710 8 1000000 342969.4
710 9 1000000 474457.7
710 10 1000000 778896.8
735 0 1000000 481070.1
735 1 1000000 257171.6
735 2 1000000 153040.7
735 3 1000000 166380.1
735 4 1000000 166057.8
735 5 1000000 173756.4
735 6 1000000 195670.5
735 7 1000000 249701.0
735 8 1000000 333352.1
735 9 1000000 497188.8
735 10 1000000 776134.4
760 0 1000000 480130.5
760 1 1000000 256969.1
760 2 1000000 154189.6
760 3 1000000 165508.3
760 4 1000000 164891.8
760 5 1000000 176363.7
760 6 1000000 211211.2
760 7 1000000 253416.9
760 8 1000000 344314.0
760 9 1000000 505067.1
760 10 1000000 800548.3
785 0 1000000 480119.6
785 1 1000000 256954.4
785 2 1000000 155132.4
785 3 1000000 164204.2
785 4 1000000 167543.5
785 5 1000000 180939.2
785 6 1000000 217515.9
785 7 1000000 267470.7
785 8 1000000 352486.2
785 9 1000000 519567.6
785 10 1000000 792682.1
810 0 1000000 480366.4
810 1 1000000 257055.6
810 2 1000000 154741.8
810 3 1000000 165151.9
810 4 1000000 171749.7
810 5 1000000 189164.0
810 6 1000000 221667.3
810 7 1000000 267363.0
810 8 1000000 351406.2
810 9 1000000 517009.8
810 10 1000000 779777.8
835 0 1000000 480425.0
835 1 1000000 256977.1
835 2 1000000 154232.4
835 3 1000000 168253.7
835 4 1000000 175213.8
835 5 1000000 189534.6
835 6 1000000 221404.3
835 7 1000000 271159.5
835 8 1000000 348825.2
835 9 1000000 516554.2
835 10 1000000 798949.8
860 0 1000000 480156.4
860 1 1000000 256891.1
860 2 1000000 155001.1
860 3 1000000 169296.4
860 4 1000000 174823.9
860 5 1000000 192131.4
860 6 1000000 218777.6
860 7 1000000 268487.3
860 8 1000000 353354.3
860 9 1000000 510653.1
860 10 1000000 783758.5
885 0 1000000 480341.8
885 1 1000000 256875.9
885 2 1000000 155430.3
885 3 1000000 164383.3
885 4 1000000 173218.0
885 5 1000000 186259.8
885 6 1000000 216016.5
885 7 1000000 270080.4
885 8 1000000 348381.5
885 9 1000000 502827.0
885 10 1000000 798983.8
910 0 1000000 480907.5
910 1 1000000 256809.4
910 2 1000000 154849.7
910 3 1000000 166212.3
910 4 1000000 169921.6
910 5 1000000 189129.1
910 6 1000000 218445.3
910 7 1000000 259983.5
910 8 1000000 344017.7
910 9 1000000 494504.8
910 10 1000000 770086.9
935 0 1000000 480273.0
935 1 1000000 256696.6
935 2 1000000 153741.8
935 3 1000000 167827.1
935 4 1000000 167796.9
935 5 1000000 182403.9
935 6 1000000 212983.9
935 7 1000000 266075.7
935 8 1000000 344855.6
935 9 1000000 500095.5
935 10 1000000 796659.2
960 0 1000000 480457.6
960 1 1000000 256764.2
960 2 1000000 154041.0
960 3 1000000 166809.5
960 4 1000000 171401.0
960 5 1000000 188283.2
960 6 1000000 217660.3
960 7 1000000 268034.5
960 8 1000000 348295.9
960 9 1000000 503882.7
960 10 1000000 814930.2
985 0 1000000 834745.3
985 1 1000000 433465.5
985 2 1000000 251346.0
985 3 1000000 269028.6
985 4 1000000 271024.2
985 5 1000000 281616.3
985 6 1000000 309178.0
985 7 1000000 373789.6
985 8 1000000 439025.2
985 9 1000000 652954.0
985 10 1000000 859401.5
1010 0 1000000 834243.1
1010 1 1000000 434095.7
1010 2 1000000 248276.0
1010 3 1000000 264845.9
1010 4 1000000 267342.1
1010 5 1000000 278748.3
1010 6 1000000 307467.0
1010 7 1000000 355553.8
1010 8 1000000 433564.4
1010 9 1000000 591958.8
1010 10 1000000 881131.3
1035 0 1000000 833362.9
1035 1 1000000 434095.3
1035 2 1000000 248948.8
1035 3 1000000 262773.5
1035 4 1000000 266274.6
1035 5 1000000 280835.8
1035 6 1000000 310250.3
1035 7 1000000 351433.3
1035 8 1000000 445792.0
1035 9 1000000 603228.1
1035 10 1000000 846171.8
1060 0 1000000 833735.4
1060 1 1000000 433199.9
1060 2 1000000 248887.5
1060 3 1000000 262835.6
1060 4 1000000 270633.9
1060 5 1000000 281177.9
1060 6 1000000 313284.0
1060 7 1000000 352844.6
1060 8 1000000 441831.2
1060 9 1000000 595002.2
1060 10 1000000 876325.5
1085 0 1000000 842741.2
1085 1 1000000 434624.2
1085 2 1000000 250440.4
1085 3 1000000 264861.5
1085 4 1000000 268833.5
1085 5 1000000 281651.6
1085 6 1000000 311944.9
1085 7 1000000 359296.3
1085 8 1000000 438819.8
1085 9 1000000 595505.4
1085 10 1000000 865973.4
1110 0 1000000 834589.7
1110 1 1000000 435003.6
1110 2 1000000 254095.0
1110 3 1000000 267343.7
1110 4 1000000 269039.1
1110 5 1000000 280886.0
1110 6 1000000 310040.9
1110 7 1000000 356756.0
1110 8 1000000 435746.2
1110 9 1000000 589310.6
1110 10 1000000 863676.0
1135 0 1000000 832822.5
1135 1 1000000 433297.1
1135 2 1000000 247452.8
1135 3 1000000 265750.7
1135 4 1000000 268776.4
1135 5 1000000 284200.0
1135 6 1000000 307883.0
1135 7 1000000 354178.8
1135 8 1000000 434204.9
1135 9 1000000 588047.4
1135 10 1000000 881360.7
1160 0 1000000 833569.5
1160 1 1000000 433895.3
1160 2 1000000 248701.3
1160 3 1000000 265214.6
1160 4 1000000 271833.2
1160 5 1000000 279529.9
1160 6 1000000 310655.2
1160 7 1000000 358040.3
1160 8 1000000 441074.3
1160 9 1000000 601265.5
1160 10 1000000 853051.7
1185 0 1000000 832926.7
1185 1 1000000 433635.2
1185 2 1000000 251125.6
1185 3 1000000 264124.0
1185 4 1000000 270846.5
1185 5 1000000 284154.4
1185 6 1000000 309272.6
1185 7 1000000 352437.1
1185 8 1000000 429774.0
1185 9 1000000 592403.0
1185 10 1000000 860748.6
1210 0 1000000 832802.0
1210 1 1000000 433615.1
1210 2 1000000 249387.5
1210 3 1000000 262814.3
1210 4 1000000 270444.1
1210 5 1000000 281417.1
1210 6 1000000 311217.0
1210 7 1000000 352341.3
1210 8 1000000 436927.9
1210 9 1000000 581513.2
1210 10 1000000 875926.6
1235 0 1000000 832803.6
1235 1 1000000 434099.6
1235 2 1000000 248003.8
1235 3 1000000 265700.4
1235 4 1000000 272260.4
1235 5 1000000 280915.8
1235 6 1000000 313398.8
1235 7 1000000 357281.5
1235 8 1000000 435691.8
1235 9 1000000 595800.2
1235 10 1000000 871850.5
1260 0 1000000 833701.8
1260 1 1000000 433346.7
1260 2 1000000 247785.0
1260 3 1000000 269169.2
1260 4 1000000 269311.2
1260 5 1000000 280655.5
1260 6 1000000 312145.2
1260 7 1000000 356033.2
1260 8 1000000 443019.6
1260 9 1000000 597253.7
1260 10 1000000 884791.8
1285 0 1000000 834012.9
1285 1 1000000 434867.4
1285 2 1000000 250849.9
1285 3 1000000 266515.4
1285 4 1000000 273524.9
1285 5 1000000 281813.7
1285 6 1000000 308429.5
1285 7 1000000 354360.0
1285 8 1000000 437674.3
1285 9 1000000 609149.3
1285 10 1000000 871304.3
1310 0 1000000 834563.0
1310 1 1000000 435458.0
1310 2 1000000 249401.2
1310 3 1000000 268449.8
1310 4 1000000 271520.6
1310 5 1000000 283052.2
1310 6 1000000 309862.1
1310 7 1000000 358547.4
1310 8 1000000 439702.5
1310 9 1000000 603914.5
1310 10 1000000 877584.3
1335 0 1000000 833911.7
1335 1 1000000 435224.1
1335 2 1000000 249235.8
1335 3 1000000 263874.0
1335 4 1000000 272588.2
1335 5 1000000 282137.2
1335 6 1000000 309040.8
1335 7 1000000 358445.4
1335 8 1000000 434020.2
1335 9 1000000 595400.7
1335 10 1000000 858721.3
1360 0 1000000 833633.2
1360 1 1000000 433248.4
1360 2 1000000 248559.9
1360 3 1000000 265901.4
1360 4 1000000 271866.6
1360 5 1000000 282442.0
1360 6 1000000 313456.7
1360 7 1000000 357531.4
1360 8 1000000 438212.9
1360 9 1000000 609688.1
1360 10 1000000 871634.7
1385 0 1000000 832945.6
1385 1 1000000 434393.4
1385 2 1000000 247555.6
1385 3 1000000 265182.2
1385 4 1000000 271035.5
1385 5 1000000 282567.3
1385 6 1000000 310245.5
1385 7 1000000 355416.3
1385 8 1000000 433577.8
1385 9 1000000 595895.7
1385 10 1000000 867544.3
1410 0 1000000 833695.3
1410 1 1000000 435405.3
1410 2 1000000 249917.5
1410 3 1000000 267454.7
1410 4 1000000 270445.1
1410 5 1000000 283687.3
1410 6 1000000 313431.5
1410 7 1000000 353937.6
1410 8 1000000 438036.8
1410 9 1000000 602017.1
1410 10 1000000 856392.0
1435 0 1000000 835374.8
1435 1 1000000 435652.6
1435 2 1000000 249731.4
1435 3 1000000 267332.9
1435 4 1000000 271409.5
1435 5 1000000 282077.0
1435 6 1000000 310911.9
1435 7 1000000 357411.4
1435 8 1000000 435528.4
1435 9 1000000 593905.4
1435 10 1000000 856566.3
1460 0 1000000 834412.8
1460 1 1000000 433801.7
1460 2 1000000 249262.4
1460 3 1000000 265258.5
1460 4 1000000 269830.1
1460 5 1000000 281369.8
1460 6 1000000 310104.3
1460 7 1000000 355541.8
1460 8 1000000 433315.0
1460 9 1000000 596602.1
1460 10 1000000 855601.1
1485 0 1000000 833965.9
1485 1 1000000 433879.6
1485 2 1000000 247838.3
1485 3 1000000 265144.9
1485 4 1000000 268626.9
1485 5 1000000 280188.3
1485 6 1000000 309783.4
1485 7 1000000 355067.1
1485 8 1000000 440942.5
1485 9 1000000 585983.5
1485 10 1000000 853334.5
1510 0 1000000 833170.3
1510 1 1000000 434017.3
1510 2 1000000 256887.4
1510 3 1000000 267263.6
1510 4 1000000 269612.9
1510 5 1000000 280658.8
1510 6 1000000 309037.4
1510 7 1000000 361219.0
1510 8 1000000 437438.9
1510 9 1000000 595751.6
1510 10 1000000 881985.0
1535 0 1000000 833891.5
1535 1 1000000 435041.2
1535 2 1000000 251247.9
1535 3 1000000 266818.8
1535 4 1000000 273244.0
1535 5 1000000 282518.7
1535 6 1000000 312893.1
1535 7 1000000 354835.1
1535 8 1000000 445185.6
1535 9 1000000 591220.4
1535 10 1000000 856656.7
1560 0 1000000 834961.8
1560 1 1000000 434769.4
1560 2 1000000 249785.7
1560 3 1000000 267983.2
1560 4 1000000 272277.3
1560 5 1000000 281814.2
1560 6 1000000 309687.1
1560 7 1000000 354095.8
1560 8 1000000 445278.4
1560 9 1000000 602858.6
1560 10 1000000 859041.8
1585 0 1000000 834602.9
1585 1 1000000 435217.0
1585 2 1000000 251385.1
1585 3 1000000 262646.7
1585 4 1000000 271383.6
1585 5 1000000 284840.0
1585 6 1000000 291458.4
1585 7 1000000 282354.6
1585 8 1000000 316218.3
1585 9 1000000 478223.0
1585 10 1000000 748333.9
1610 0 1000000 832716.7
1610 1 1000000 434035.7
1610 2 1000000 247800.5
1610 3 1000000 261201.8
1610 4 1000000 259740.6
1610 5 1000000 261225.6
1610 6 1000000 268645.7
1610 7 1000000 278286.8
1610 8 1000000 323841.5
1610 9 1000000 482350.8
1610 10 1000000 761117.6
1635 0 1000000 833335.4
1635 1 1000000 433673.0
1635 2 1000000 247800.0
1635 3 1000000 264459.4
1635 4 1000000 258675.3
1635 5 1000000 260480.4
1635 6 1000000 269290.6
1635 7 1000000 279840.2
1635 8 1000000 329099.0
1635 9 1000000 492156.8
1635 10 1000000 755970.7
1660 0 1000000 833431.5
1660 1 1000000 433773.6
1660 2 1000000 248133.2
1660 3 1000000 264765.7
1660 4 1000000 262250.2
1660 5 1000000 262170.0
1660 6 1000000 269106.1
1660 7 1000000 280706.9
1660 8 1000000 352320.8
1660 9 1000000 513135.1
1660 10 1000000 751691.2
1685 0 1000000 832389.9
1685 1 1000000 434274.3
1685 2 1000000 247953.7
1685 3 1000000 264454.7
1685 4 1000000 259576.5
1685 5 1000000 262146.1
1685 6 1000000 267565.1
1685 7 1000000 284769.2
1685 8 1000000 365651.4
1685 9 1000000 511748.5
1685 10 1000000 785506.8
1710 0 1000000 833168.5
1710 1 1000000 433955.8
1710 2 1000000 246827.1
1710 3 1000000 265650.2
1710 4 1000000 261684.5
1710 5 1000000 260070.4
1710 6 1000000 266489.4
1710 7 1000000 288740.3
1710 8 1000000 387530.0
1710 9 1000000 548594.4
1710 10 1000000 811990.8
1735 0 1000000 833932.5
1735 1 1000000 433376.1
1735 2 1000000 248485.6
1735 3 1000000 262989.4
1735 4 1000000 261225.2
1735 5 1000000 260269.6
1735 6 1000000 269585.1
1735 7 1000000 302326.8
1735 8 1000000 387588.0
1735 9 1000000 527815.6
1735 10 1000000 822701.3
1760 0 1000000 833596.7
1760 1 1000000 433726.7
1760 2 1000000 248227.5
1760 3 1000000 263878.9
1760 4 1000000 258993.0
1760 5 1000000 260617.9
1760 6 1000000 270265.8
1760 7 1000000 314477.6
1760 8 1000000 399742.9
1760 9 1000000 539151.9
1760 10 1000000 812524.7
1785 0 1000000 833601.8
1785 1 1000000 433913.4
1785 2 1000000 248082.9
1785 3 1000000 266947.0
1785 4 1000000 259471.5
1785 5 1000000 261132.6
1785 6 1000000 273808.6
1785 7 1000000 316827.7
1785 8 1000000 402858.9
1785 9 1000000 559360.0
1785 10 1000000 818824.9
1810 0 1000000 842578.8
1810 1 1000000 433990.0
1810 2 1000000 248150.3
1810 3 1000000 265395.1
1810 4 1000000 260734.7
1810 5 1000000 260854.9
1810 6 1000000 279610.0
1810 7 1000000 328136.3
1810 8 1000000 404124.5
1810 9 1000000 568121.7
1810 10 1000000 822629.4
1835 0 1000000 833019.8
1835 1 1000000 434126.7
1835 2 1000000 247609.7
1835 3 1000000 261125.1
1835 4 1000000 260563.5
1835 5 1000000 259670.8
1835 6 1000000 285775.4
1835 7 1000000 334694.8
1835 8 1000000 399402.4
1835 9 1000000 553621.4
1835 10 1000000 821847.8
1860 0 1000000 833699.5
1860 1 1000000 433504.3
1860 2 1000000 246962.5
1860 3 1000000 263561.1
1860 4 1000000 260724.5
1860 5 1000000 260389.7
1860 6 1000000 275752.2
1860 7 1000000 322939.0
1860 8 1000000 409267.0
1860 9 1000000 564296.9
1860 10 1000000 815687.8
1885 0 1000000 833134.8
1885 1 1000000 433242.2
1885 2 1000000 249668.6
1885 3 1000000 265787.3
1885 4 1000000 259416.0
1885 5 1000000 259643.2
1885 6 1000000 274471.0
1885 7 1000000 327863.3
1885 8 1000000 411481.6
1885 9 1000000 559972.6
1885 10 1000000 811615.5
1910 0 1000000 833196.0
1910 1 1000000 434201.0
1910 2 1000000 247374.6
1910 3 1000000 267296.0
1910 4 1000000 257672.7
1910 5 1000000 259850.8
1910 6 1000000 282114.5
1910 7 1000000 336386.6
1910 8 1000000 417936.6
1910 9 1000000 568820.4
1910 10 1000000 836789.8
1935 0 1000000 832867.3
1935 1 1000000 434100.8
1935 2 1000000 247400.6
1935 3 1000000 263666.0
1935 4 1000000 263104.6
1935 5 1000000 267615.9
1935 6 1000000 300352.8
1935 7 1000000 339446.8
1935 8 1000000 417194.9
1935 9 1000000 570889.1
1935 10 1000000 828585.3
1960 0 1000000 552831.1
1960 1 1000000 793511.0
1960 2 1000000 441013.6
1960 3 1000000 453323.9
1960 4 1000000 450280.5
1960 5 1000000 460567.2
1960 6 1000000 486433.9
1960 7 1000000 515449.3
1960 8 1000000 580101.1
1960 9 1000000 714015.9
1960 10 1000000 718325.3
1985 0 1000000 550021.5
1985 1 1000000 794502.5
1985 2 1000000 448891.6
1985 3 1000000 451976.2
1985 4 1000000 455201.5
1985 5 1000000 468844.6
1985 6 1000000 485062.8
1985 7 1000000 526256.7
1985 8 1000000 586769.3
1985 9 1000000 714075.1
1985 10 1000000 713758.7
2010 0 1000000 551267.3
2010 1 1000000 793460.4
2010 2 1000000 440168.2
2010 3 1000000 456903.5
2010 4 1000000 453257.7
2010 5 1000000 462929.5
2010 6 1000000 484189.9
2010 7 1000000 525951.0
2010 8 1000000 577188.8
2010 9 1000000 712530.8
2010 10 1000000 713159.0
