10 0 100000 51013.5
10 1 100000 93018.7
10 2 100000 81319.0
10 3 100000 78397.3
10 4 100000 83009.9
10 5 100000 91786.8
10 6 100000 109920.0
10 7 100000 146313.4
10 8 100000 237190.4
10 9 100000 395231.6
10 10 100000 682749.1
35 0 100000 25459.7
35 1 100000 26898.3
35 2 100000 25831.8
35 3 100000 28827.0
35 4 100000 35499.8
35 5 100000 45671.7
35 6 100000 69172.1
35 7 100000 117657.1
35 8 100000 198127.1
35 9 100000 364462.1
35 10 100000 636779.0
60 0 100000 22139.6
60 1 100000 18498.1
60 2 100000 17414.9
60 3 100000 20148.3
60 4 100000 28326.0
60 5 100000 39878.9
60 6 100000 66880.5
60 7 100000 110756.1
60 8 100000 196010.0
60 9 100000 356772.2
60 10 100000 692292.3
85 0 100000 22185.0
85 1 100000 18004.0
85 2 100000 17475.5
85 3 100000 20840.0
85 4 100000 27146.3
85 5 100000 40719.6
85 6 100000 64337.3
85 7 100000 114662.7
85 8 100000 197524.7
85 9 100000 355662.6
85 10 100000 665710.0
110 0 100000 22800.9
110 1 100000 15677.9
110 2 100000 13986.8
110 3 100000 18857.9
110 4 100000 26118.8
110 5 100000 44814.2
110 6 100000 68739.9
110 7 100000 110321.1
110 8 100000 207145.4
110 9 100000 361101.1
110 10 100000 681349.3
135 0 100000 22814.0
135 1 100000 15665.2
135 2 100000 14906.7
135 3 100000 18310.6
135 4 100000 25683.0
135 5 100000 38575.5
135 6 100000 63794.8
135 7 100000 113163.7
135 8 100000 198807.7
135 9 100000 349549.8
135 10 100000 685900.0
160 0 100000 22916.1
160 1 100000 15595.3
160 2 100000 14931.1
160 3 100000 18457.1
160 4 100000 26265.2
160 5 100000 37639.3
160 6 100000 65296.0
160 7 100000 110617.5
160 8 100000 196365.6
160 9 100000 360728.6
160 10 100000 667860.7
185 0 100000 22849.1
185 1 100000 15685.9
185 2 100000 14642.9
185 3 100000 18492.5
185 4 100000 26437.3
185 5 100000 38553.5
185 6 100000 64301.0
185 7 100000 110032.4
185 8 100000 195733.0
185 9 100000 360957.8
185 10 100000 682096.0
210 0 100000 28295.2
210 1 100000 17797.6
210 2 100000 13582.9
210 3 100000 19837.3
210 4 100000 28070.4
210 5 100000 39490.5
210 6 100000 65469.6
210 7 100000 110872.4
210 8 100000 198362.1
210 9 100000 369741.2
210 10 100000 357829.0
235 0 100000 28403.2
235 1 100000 17935.8
235 2 100000 14908.6
235 3 100000 19479.9
235 4 100000 28513.5
235 5 100000 39455.1
235 6 100000 65540.4
235 7 100000 109316.9
235 8 100000 193963.8
235 9 100000 365775.1
235 10 100000 359554.0
260 0 100000 28397.0
260 1 100000 17664.9
260 2 100000 14258.4
260 3 100000 19321.9
260 4 100000 28182.2
260 5 100000 40069.7
260 6 100000 65472.5
260 7 100000 111479.3
260 8 100000 196724.4
260 9 100000 369117.9
260 10 100000 359155.7
285 0 100000 28310.6
285 1 100000 17678.4
285 2 100000 14002.2
285 3 100000 19169.5
285 4 100000 28498.7
285 5 100000 39103.4
285 6 100000 64082.4
285 7 100000 112597.7
285 8 100000 200278.7
285 9 100000 374409.5
285 10 100000 361425.9
310 0 100000 28426.1
310 1 100000 17591.5
310 2 100000 14371.3
310 3 100000 19406.5
310 4 100000 29239.8
310 5 100000 40076.8
310 6 100000 64414.3
310 7 100000 112367.9
310 8 100000 197831.0
310 9 100000 369061.7
310 10 100000 350443.0
335 0 100000 28367.5
335 1 100000 17940.3
335 2 100000 15152.2
335 3 100000 19887.1
335 4 100000 27553.4
335 5 100000 38855.8
335 6 100000 65839.0
335 7 100000 115062.6
335 8 100000 202729.5
335 9 100000 347843.5
335 10 100000 350967.5
360 0 100000 28304.2
360 1 100000 17749.0
360 2 100000 15334.8
360 3 100000 19879.4
360 4 100000 27445.3
360 5 100000 38590.2
360 6 100000 65107.3
360 7 100000 108928.3
360 8 100000 201083.7
360 9 100000 359778.0
360 10 100000 348531.2
385 0 100000 28218.5
385 1 100000 17743.3
385 2 100000 15373.2
385 3 100000 19299.1
385 4 100000 28617.5
385 5 100000 40413.5
385 6 100000 67763.4
385 7 100000 105562.2
385 8 100000 198657.2
385 9 100000 356883.2
385 10 100000 362237.0
410 0 100000 41546.7
410 1 100000 24173.3
410 2 100000 17411.8
410 3 100000 23640.2
410 4 100000 32249.0
410 5 100000 43581.7
410 6 100000 68818.0
410 7 100000 114381.1
410 8 100000 204487.0
410 9 100000 200210.9
410 10 100000 199454.4
435 0 100000 41412.1
435 1 100000 24291.5
435 2 100000 18409.1
435 3 100000 23973.9
435 4 100000 32164.8
435 5 100000 43205.2
435 6 100000 67469.3
435 7 100000 112810.2
435 8 100000 199705.2
435 9 100000 196610.2
435 10 100000 196167.2
460 0 100000 41371.6
460 1 100000 24334.1
460 2 100000 16947.8
460 3 100000 22666.8
460 4 100000 32978.6
460 5 100000 44261.4
460 6 100000 67442.5
460 7 100000 116347.4
460 8 100000 194151.7
460 9 100000 202072.4
460 10 100000 203868.2
485 0 100000 42018.1
485 1 100000 24820.3
485 2 100000 20717.6
485 3 100000 24965.2
485 4 100000 32816.3
485 5 100000 44296.9
485 6 100000 66579.2
485 7 100000 113298.7
485 8 100000 200433.3
485 9 100000 201172.3
485 10 100000 207070.1
510 0 100000 42269.8
510 1 100000 25936.8
510 2 100000 18842.3
510 3 100000 34934.4
510 4 100000 33197.7
510 5 100000 45451.8
510 6 100000 70252.4
510 7 100000 114866.7
510 8 100000 200051.0
510 9 100000 199228.8
510 10 100000 200336.6
535 0 100000 41446.1
535 1 100000 28408.3
535 2 100000 26451.1
535 3 100000 23647.1
535 4 100000 33240.0
535 5 100000 44568.5
535 6 100000 67279.5
535 7 100000 119545.9
535 8 100000 201149.0
535 9 100000 229024.5
535 10 100000 196325.7
560 0 100000 45278.8
560 1 100000 24303.7
560 2 100000 28703.4
560 3 100000 26315.7
560 4 100000 32352.5
560 5 100000 43345.8
560 6 100000 67720.1
560 7 100000 118540.9
560 8 100000 201120.7
560 9 100000 200702.9
560 10 100000 241387.7
585 0 100000 45074.5
585 1 100000 24281.1
585 2 100000 17294.6
585 3 100000 25426.2
585 4 100000 33428.6
585 5 100000 45684.1
585 6 100000 71611.6
585 7 100000 117035.9
585 8 100000 207647.7
585 9 100000 205837.6
585 10 100000 217432.5
610 0 100000 41786.9
610 1 100000 24914.8
610 2 100000 20154.7
610 3 100000 23829.9
610 4 100000 34961.6
610 5 100000 44706.1
610 6 100000 65891.3
610 7 100000 111795.4
610 8 100000 207361.7
610 9 100000 204120.7
610 10 100000 200079.7
635 0 100000 41543.6
635 1 100000 24243.9
635 2 100000 18654.7
635 3 100000 29603.7
635 4 100000 36527.9
635 5 100000 46113.0
635 6 100000 69781.7
635 7 100000 115127.9
635 8 100000 195513.7
635 9 100000 196213.8
635 10 100000 201851.9
660 0 100000 41671.1
660 1 100000 24543.8
660 2 100000 17743.4
660 3 100000 24522.7
660 4 100000 32608.1
660 5 100000 42998.7
660 6 100000 69924.2
660 7 100000 116771.9
660 8 100000 209201.9
660 9 100000 198403.0
660 10 100000 193817.5
685 0 100000 42251.5
685 1 100000 24458.3
685 2 100000 18809.6
685 3 100000 24473.3
685 4 100000 32333.7
685 5 100000 42454.5
685 6 100000 68220.3
685 7 100000 114667.0
685 8 100000 201569.3
685 9 100000 201486.1
685 10 100000 205535.4
710 0 100000 41566.4
710 1 100000 24628.7
710 2 100000 18096.4
710 3 100000 23328.5
710 4 100000 32121.5
710 5 100000 42555.5
710 6 100000 69321.4
710 7 100000 117221.9
710 8 100000 200830.8
710 9 100000 192487.2
710 10 100000 197406.8
735 0 100000 41571.1
735 1 100000 24443.4
735 2 100000 17517.4
735 3 100000 23693.7
735 4 100000 31964.5
735 5 100000 29188.8
735 6 100000 37252.9
735 7 100000 53715.8
735 8 100000 98281.7
735 9 100000 101258.8
735 10 100000 92123.5
760 0 100000 41643.3
760 1 100000 24298.6
760 2 100000 17009.1
760 3 100000 21854.4
760 4 100000 25575.4
760 5 100000 27937.7
760 6 100000 35097.3
760 7 100000 53425.7
760 8 100000 98364.3
760 9 100000 91872.8
760 10 100000 103903.0
785 0 100000 69496.8
785 1 100000 38430.2
785 2 100000 24789.7
785 3 100000 30619.0
785 4 100000 33357.2
785 5 100000 37153.6
785 6 100000 44147.1
785 7 100000 58214.5
785 8 100000 55974.2
785 9 100000 56939.4
785 10 100000 56697.4
810 0 100000 69553.7
810 1 100000 38380.3
810 2 100000 25738.1
810 3 100000 29731.9
810 4 100000 33511.6
810 5 100000 37109.8
810 6 100000 42929.3
810 7 100000 56870.1
810 8 100000 56585.4
810 9 100000 56634.4
810 10 100000 78582.8
835 0 100000 74083.2
835 1 100000 47728.7
835 2 100000 24401.8
835 3 100000 30978.3
835 4 100000 34824.8
835 5 100000 36512.7
835 6 100000 46483.6
835 7 100000 150771.1
835 8 100000 99404.4
835 9 100000 110307.6
835 10 100000 134970.9
860 0 100000 72030.5
860 1 100000 40254.5
860 2 100000 26413.1
860 3 100000 33529.6
860 4 100000 45660.7
860 5 100000 53625.7
860 6 100000 75696.1
860 7 100000 125684.9
860 8 100000 115678.8
860 9 100000 117476.0
860 10 100000 125674.4
885 0 100000 70815.9
885 1 100000 39482.2
885 2 100000 26715.9
885 3 100000 34045.2
885 4 100000 42140.5
885 5 100000 51330.7
885 6 100000 79186.2
885 7 100000 123979.0
885 8 100000 121080.2
885 9 100000 122019.1
885 10 100000 126368.0
910 0 100000 71115.8
910 1 100000 40792.5
910 2 100000 25005.7
910 3 100000 30212.9
910 4 100000 37819.8
910 5 100000 48001.4
910 6 100000 68494.3
910 7 100000 114770.7
910 8 100000 114661.2
910 9 100000 118497.3
910 10 100000 119557.6
935 0 100000 69768.9
935 1 100000 38727.4
935 2 100000 26253.5
935 3 100000 29328.6
935 4 100000 38440.1
935 5 100000 51770.3
935 6 100000 74646.5
935 7 100000 118188.3
935 8 100000 116662.9
935 9 100000 111556.4
935 10 100000 117739.8
960 0 100000 69465.8
960 1 100000 38486.1
960 2 100000 24568.7
960 3 100000 31458.0
960 4 100000 40397.4
960 5 100000 51659.1
960 6 100000 73868.8
960 7 100000 117577.0
960 8 100000 122521.9
960 9 100000 119911.9
960 10 100000 114946.7
985 0 100000 69331.6
985 1 100000 38664.2
985 2 100000 25661.8
985 3 100000 31159.4
985 4 100000 40310.6
985 5 100000 51370.9
985 6 100000 72028.7
985 7 100000 118356.4
985 8 100000 122492.3
985 9 100000 115320.8
985 10 100000 118467.4
1010 0 100000 69683.4
1010 1 100000 38386.2
1010 2 100000 25216.8
1010 3 100000 31075.1
1010 4 100000 40290.8
1010 5 100000 50617.3
1010 6 100000 75048.7
1010 7 100000 119331.5
1010 8 100000 119292.7
1010 9 100000 118227.1
1010 10 100000 117412.6
1035 0 100000 69475.2
1035 1 100000 38525.8
1035 2 100000 24834.5
1035 3 100000 33447.3
1035 4 100000 41773.3
1035 5 100000 50731.9
1035 6 100000 73619.4
1035 7 100000 122232.9
1035 8 100000 118040.5
1035 9 100000 119188.2
1035 10 100000 117018.6
1060 0 100000 69499.5
1060 1 100000 38540.0
1060 2 100000 25299.7
1060 3 100000 32171.3
1060 4 100000 40903.7
1060 5 100000 49883.8
1060 6 100000 72713.1
1060 7 100000 119154.2
1060 8 100000 116684.4
1060 9 100000 116969.5
1060 10 100000 118886.8
1085 0 100000 69771.6
1085 1 100000 38352.7
1085 2 100000 25814.3
1085 3 100000 31948.0
1085 4 100000 41007.6
1085 5 100000 49781.3
1085 6 100000 75342.8
1085 7 100000 121074.8
1085 8 100000 119805.6
1085 9 100000 122753.9
1085 10 100000 115008.2
1110 0 100000 69776.4
1110 1 100000 38648.7
1110 2 100000 25991.5
1110 3 100000 30866.5
1110 4 100000 40546.0
1110 5 100000 51356.6
1110 6 100000 74849.8
1110 7 100000 118883.6
1110 8 100000 120227.9
1110 9 100000 115890.9
1110 10 100000 120865.6
1135 0 100000 69494.8
1135 1 100000 38915.0
1135 2 100000 25421.8
1135 3 100000 33017.6
1135 4 100000 40813.0
1135 5 100000 50490.3
1135 6 100000 74579.1
1135 7 100000 116918.3
1135 8 100000 117794.6
1135 9 100000 116515.7
1135 10 100000 119199.6
1160 0 100000 70318.7
1160 1 100000 38354.0
1160 2 100000 25966.0
1160 3 100000 32326.0
1160 4 100000 40774.0
1160 5 100000 50072.0
1160 6 100000 73403.7
1160 7 100000 117329.8
1160 8 100000 117254.0
1160 9 100000 115969.5
1160 10 100000 119569.0
1185 0 100000 69482.8
1185 1 100000 38541.8
1185 2 100000 24258.0
1185 3 100000 31662.9
1185 4 100000 39378.2
1185 5 100000 50008.1
1185 6 100000 73620.4
1185 7 100000 116529.9
1185 8 100000 111360.8
1185 9 100000 119445.9
1185 10 100000 117033.5
1210 0 100000 69391.0
1210 1 100000 38626.5
1210 2 100000 26211.9
1210 3 100000 31300.6
1210 4 100000 41276.9
1210 5 100000 50854.9
1210 6 100000 73952.0
1210 7 100000 117311.1
1210 8 100000 116589.5
1210 9 100000 117717.3
1210 10 100000 116386.5
1235 0 100000 69496.1
1235 1 100000 38776.8
1235 2 100000 26499.5
1235 3 100000 32600.1
1235 4 100000 41393.0
1235 5 100000 49898.7
1235 6 100000 73393.5
1235 7 100000 116676.1
1235 8 100000 113061.4
1235 9 100000 113957.9
1235 10 100000 115380.5
1260 0 100000 69390.7
1260 1 100000 38702.2
1260 2 100000 25831.3
1260 3 100000 33017.7
1260 4 100000 41577.9
1260 5 100000 50464.2
1260 6 100000 73550.6
1260 7 100000 118176.3
1260 8 100000 118378.7
1260 9 100000 121925.7
1260 10 100000 117585.9
1285 0 100000 69528.6
1285 1 100000 38454.3
1285 2 100000 25189.7
1285 3 100000 31304.3
1285 4 100000 41072.5
1285 5 100000 52437.2
1285 6 100000 73633.0
1285 7 100000 115700.5
1285 8 100000 119700.3
1285 9 100000 120069.2
1285 10 100000 121819.0
1310 0 100000 69646.1
1310 1 100000 38475.8
1310 2 100000 25620.5
1310 3 100000 33053.1
1310 4 100000 41142.2
1310 5 100000 50023.9
1310 6 100000 75461.6
1310 7 100000 116716.3
1310 8 100000 115950.1
1310 9 100000 117261.8
1310 10 100000 114584.0
1335 0 100000 70437.2
1335 1 100000 38592.1
1335 2 100000 27126.2
1335 3 100000 32695.8
1335 4 100000 40322.4
1335 5 100000 47880.6
1335 6 100000 74487.2
1335 7 100000 118529.2
1335 8 100000 116188.7
1335 9 100000 117947.0
1335 10 100000 115893.2
1360 0 100000 69569.6
1360 1 100000 38531.2
1360 2 100000 25421.4
1360 3 100000 33264.5
1360 4 100000 40322.0
1360 5 100000 51413.4
1360 6 100000 73567.6
1360 7 100000 115617.8
1360 8 100000 115113.9
1360 9 100000 116880.3
1360 10 100000 120272.5
1385 0 100000 69592.8
1385 1 100000 38579.5
1385 2 100000 25500.9
1385 3 100000 31216.3
1385 4 100000 40396.9
1385 5 100000 50931.9
1385 6 100000 74006.1
1385 7 100000 118316.5
1385 8 100000 119374.5
1385 9 100000 117982.0
1385 10 100000 119604.7
1410 0 100000 69791.9
1410 1 100000 38902.0
1410 2 100000 25603.3
1410 3 100000 31698.1
1410 4 100000 40662.2
1410 5 100000 52103.7
1410 6 100000 72432.0
1410 7 100000 119745.4
1410 8 100000 116047.0
1410 9 100000 116904.9
1410 10 100000 120787.9
1435 0 100000 69499.2
1435 1 100000 38819.6
1435 2 100000 26353.2
1435 3 100000 33229.6
1435 4 100000 39970.2
1435 5 100000 51312.3
1435 6 100000 75358.9
1435 7 100000 118220.1
1435 8 100000 116415.6
1435 9 100000 118054.7
1435 10 100000 117592.1
1460 0 100000 69575.1
1460 1 100000 38542.8
1460 2 100000 26594.0
1460 3 100000 31388.1
1460 4 100000 39897.8
1460 5 100000 50650.1
1460 6 100000 73629.0
1460 7 100000 119989.7
1460 8 100000 118589.5
1460 9 100000 119928.6
1460 10 100000 117447.3
1485 0 100000 69798.1
1485 1 100000 38516.2
1485 2 100000 24806.2
1485 3 100000 31726.1
1485 4 100000 41261.1
1485 5 100000 50675.7
1485 6 100000 72106.5
1485 7 100000 115556.7
1485 8 100000 115898.0
1485 9 100000 116950.7
1485 10 100000 116352.9
1510 0 100000 69429.6
1510 1 100000 38437.1
1510 2 100000 24664.1
1510 3 100000 29591.0
1510 4 100000 34564.4
1510 5 100000 38152.8
1510 6 100000 44349.8
1510 7 100000 60491.5
1510 8 100000 57437.0
1510 9 100000 57364.1
1510 10 100000 54760.8
1535 0 100000 69348.8
1535 1 100000 38553.6
1535 2 100000 25028.5
1535 3 100000 31106.7
1535 4 100000 33696.1
1535 5 100000 36573.3
1535 6 100000 44274.5
1535 7 100000 57618.7
1535 8 100000 58020.8
1535 9 100000 55214.2
1535 10 100000 56300.1
1560 0 100000 69667.6
1560 1 100000 38596.5
1560 2 100000 26009.0
1560 3 100000 41341.9
1560 4 100000 41389.1
1560 5 100000 56330.7
1560 6 100000 47763.8
1560 7 100000 86431.5
1560 8 100000 89640.4
1560 9 100000 86555.4
1560 10 100000 90151.0
1585 0 100000 127693.8
1585 1 100000 71969.3
1585 2 100000 47106.5
1585 3 100000 48010.3
1585 4 100000 50006.5
1585 5 100000 55445.0
1585 6 100000 74749.8
1585 7 100000 71907.3
1585 8 100000 76801.8
1585 9 100000 76781.5
1585 10 100000 89545.0
1610 0 100000 129499.5
1610 1 100000 68463.5
1610 2 100000 41111.1
1610 3 100000 46958.0
1610 4 100000 56886.3
1610 5 100000 66471.1
1610 6 100000 85334.9
1610 7 100000 85353.9
1610 8 100000 85961.7
1610 9 100000 88143.2
1610 10 100000 84059.9
1635 0 100000 127543.7
1635 1 100000 67700.5
1635 2 100000 40042.8
1635 3 100000 49982.5
1635 4 100000 57119.3
1635 5 100000 66972.4
1635 6 100000 81202.7
1635 7 100000 83262.0
1635 8 100000 88482.6
1635 9 100000 83140.0
1635 10 100000 86150.0
1660 0 100000 128274.5
1660 1 100000 67515.8
1660 2 100000 40594.5
1660 3 100000 48192.5
1660 4 100000 58821.9
1660 5 100000 64321.4
1660 6 100000 85222.6
1660 7 100000 84884.7
1660 8 100000 82764.5
1660 9 100000 87021.6
1660 10 100000 84649.6
1685 0 100000 126936.9
1685 1 100000 67313.0
1685 2 100000 41492.2
1685 3 100000 49607.2
1685 4 100000 57550.5
1685 5 100000 65290.1
1685 6 100000 84774.4
1685 7 100000 86363.6
1685 8 100000 85702.3
1685 9 100000 85136.5
1685 10 100000 84098.5
1710 0 100000 126624.0
1710 1 100000 67475.8
1710 2 100000 40322.4
1710 3 100000 48221.9
1710 4 100000 58205.4
1710 5 100000 66591.1
1710 6 100000 85167.0
1710 7 100000 84051.7
1710 8 100000 83601.9
1710 9 100000 84785.2
1710 10 100000 85040.7
1735 0 100000 127307.6
1735 1 100000 66989.3
1735 2 100000 40452.2
1735 3 100000 47899.4
1735 4 100000 57636.3
1735 5 100000 65306.4
1735 6 100000 88426.2
1735 7 100000 84764.1
1735 8 100000 85813.2
1735 9 100000 82649.5
1735 10 100000 84169.0
1760 0 100000 126729.1
1760 1 100000 67331.8
1760 2 100000 41419.4
1760 3 100000 48891.2
1760 4 100000 56611.1
1760 5 100000 65623.8
1760 6 100000 84633.9
1760 7 100000 85282.6
1760 8 100000 84115.9
1760 9 100000 83844.2
1760 10 100000 86007.9
1785 0 100000 126684.5
1785 1 100000 67520.3
1785 2 100000 40321.7
1785 3 100000 49646.4
1785 4 100000 58935.3
1785 5 100000 65224.8
1785 6 100000 86050.0
1785 7 100000 85606.3
1785 8 100000 85422.6
1785 9 100000 84347.4
1785 10 100000 85395.5
1810 0 100000 126677.7
1810 1 100000 67337.7
1810 2 100000 40731.9
1810 3 100000 50274.7
1810 4 100000 56922.1
1810 5 100000 67539.0
1810 6 100000 85990.7
1810 7 100000 86623.1
1810 8 100000 84377.5
1810 9 100000 81658.6
1810 10 100000 84593.5
1835 0 100000 126874.2
1835 1 100000 67480.3
1835 2 100000 40926.4
1835 3 100000 49101.6
1835 4 100000 57508.0
1835 5 100000 66999.0
1835 6 100000 86658.6
1835 7 100000 84589.9
1835 8 100000 85966.0
1835 9 100000 84555.5
1835 10 100000 83327.8
1860 0 100000 127397.9
1860 1 100000 67440.2
1860 2 100000 40299.9
1860 3 100000 49792.6
1860 4 100000 58757.6
1860 5 100000 64532.8
1860 6 100000 84355.4
1860 7 100000 83385.6
1860 8 100000 85574.8
1860 9 100000 85414.4
1860 10 100000 86129.2
1885 0 100000 127032.8
1885 1 100000 67475.5
1885 2 100000 40338.3
1885 3 100000 49356.5
1885 4 100000 56986.4
1885 5 100000 66543.6
1885 6 100000 85786.0
1885 7 100000 85965.5
1885 8 100000 87046.0
1885 9 100000 85804.4
1885 10 100000 84166.5
1910 0 100000 126869.0
1910 1 100000 67328.6
1910 2 100000 40177.9
1910 3 100000 48913.7
1910 4 100000 58196.0
1910 5 100000 65255.8
1910 6 100000 86096.2
1910 7 100000 85527.1
1910 8 100000 86280.4
1910 9 100000 86532.4
1910 10 100000 86223.4
1935 0 100000 127312.2
1935 1 100000 67388.7
1935 2 100000 41135.3
1935 3 100000 48137.7
1935 4 100000 58413.6
1935 5 100000 65551.3
1935 6 100000 84022.4
1935 7 100000 86374.7
1935 8 100000 83882.2
1935 9 100000 61251.1
1935 10 100000 57656.3
1960 0 100000 126804.0
1960 1 100000 67240.9
1960 2 100000 40267.3
1960 3 100000 46866.5
1960 4 100000 51441.5
1960 5 100000 53618.4
1960 6 100000 59523.1
1960 7 100000 57910.5
1960 8 100000 58945.1
1960 9 100000 57429.1
1960 10 100000 56234.9
1985 0 100000 126643.3
1985 1 100000 67254.0
1985 2 100000 41131.6
1985 3 100000 47034.3
1985 4 100000 50321.4
1985 5 100000 52545.2
1985 6 100000 58316.5
1985 7 100000 59068.3
1985 8 100000 58496.5
1985 9 100000 59284.0
1985 10 100000 58682.0
2010 0 100000 126831.2
2010 1 100000 67002.5
2010 2 100000 40146.0
2010 3 100000 45671.9
2010 4 100000 88243.7
2010 5 100000 53217.7
2010 6 100000 57888.7
2010 7 100000 59610.0
2010 8 100000 60737.0
2010 9 100000 58629.3
2010 10 100000 58769.6
