split_threshold max_recursion_depth n time
10 0 1000 3674.5
10 1 1000 4612.7
10 2 1000 4453.9
10 3 1000 5184.8
10 4 1000 8088.8
10 5 1000 15366.8
10 6 1000 28064.8
10 7 1000 52118.1
10 8 1000 47401.0
10 9 1000 53592.3
10 10 1000 48188.0
35 0 1000 3166.8
35 1 1000 3597.8
35 2 1000 3972.9
35 3 1000 4940.1
35 4 1000 8138.7
35 5 1000 12410.9
35 6 1000 13445.7
35 7 1000 14059.2
35 8 1000 12691.5
35 9 1000 15629.3
35 10 1000 13146.1
60 0 1000 3221.1
60 1 1000 3470.4
60 2 1000 3983.0
60 3 1000 4860.3
60 4 1000 9637.5
60 5 1000 14002.8
60 6 1000 14208.9
60 7 1000 13255.0
60 8 1000 12008.2
60 9 1000 13637.5
60 10 1000 12741.4
85 0 1000 3116.0
85 1 1000 4282.0
85 2 1000 3988.3
85 3 1000 4723.8
85 4 1000 7332.3
85 5 1000 7388.4
85 6 1000 6881.4
85 7 1000 7419.3
85 8 1000 7167.5
85 9 1000 6580.3
85 10 1000 7290.2
110 0 1000 3166.1
110 1 1000 3427.2
110 2 1000 3780.7
110 3 1000 4838.9
110 4 1000 7025.4
110 5 1000 8272.1
110 6 1000 6950.7
110 7 1000 7731.2
110 8 1000 7175.8
110 9 1000 7544.9
110 10 1000 7066.2
135 0 1000 3025.3
135 1 1000 3274.8
135 2 1000 3654.0
135 3 1000 4732.8
135 4 1000 4700.2
135 5 1000 4628.4
135 6 1000 4522.4
135 7 1000 4576.2
135 8 1000 4683.2
135 9 1000 4933.0
135 10 1000 4568.8
160 0 1000 3082.8
160 1 1000 3260.0
160 2 1000 3771.6
160 3 1000 4805.7
160 4 1000 4688.3
160 5 1000 4584.2
160 6 1000 4633.2
160 7 1000 4696.2
160 8 1000 4297.4
160 9 1000 4631.3
160 10 1000 4894.4
185 0 1000 3139.3
185 1 1000 3283.7
185 2 1000 3810.9
185 3 1000 4469.0
185 4 1000 4822.1
185 5 1000 4673.5
185 6 1000 5003.8
185 7 1000 4594.1
185 8 1000 4659.5
185 9 1000 4545.0
185 10 1000 4750.6
210 0 1000 3126.1
210 1 1000 3222.8
210 2 1000 3839.3
210 3 1000 4558.9
210 4 1000 4521.1
210 5 1000 4864.8
210 6 1000 4899.2
210 7 1000 5062.9
210 8 1000 4725.1
210 9 1000 4555.4
210 10 1000 4524.5
235 0 1000 3953.1
235 1 1000 3305.2
235 2 1000 3665.4
235 3 1000 4655.5
235 4 1000 4617.7
235 5 1000 4813.5
235 6 1000 4621.6
235 7 1000 4640.6
235 8 1000 4747.8
235 9 1000 4669.9
235 10 1000 4794.7
260 0 1000 4044.5
260 1 1000 3284.3
260 2 1000 3662.0
260 3 1000 3602.0
260 4 1000 3632.7
260 5 1000 3641.6
260 6 1000 3706.1
260 7 1000 3560.3
260 8 1000 3573.9
260 9 1000 3516.8
260 10 1000 4613.0
285 0 1000 4141.5
285 1 1000 3309.7
285 2 1000 3624.2
285 3 1000 3620.6
285 4 1000 3509.9
285 5 1000 3696.9
285 6 1000 3648.9
285 7 1000 3721.0
285 8 1000 3849.5
285 9 1000 3781.2
285 10 1000 3601.7
310 0 1000 3133.4
310 1 1000 3303.4
310 2 1000 3678.9
310 3 1000 3699.8
310 4 1000 3631.4
310 5 1000 3739.0
310 6 1000 3456.2
310 7 1000 3719.7
310 8 1000 3685.6
310 9 1000 3611.1
310 10 1000 3715.9
335 0 1000 3294.2
335 1 1000 3318.0
335 2 1000 3661.8
335 3 1000 3537.9
335 4 1000 3486.6
335 5 1000 3665.1
335 6 1000 3710.8
335 7 1000 3727.0
335 8 1000 3689.4
335 9 1000 3698.8
335 10 1000 3496.9
360 0 1000 3226.7
360 1 1000 3444.2
360 2 1000 3520.9
360 3 1000 3636.2
360 4 1000 3440.9
360 5 1000 3475.2
360 6 1000 3615.8
360 7 1000 3747.4
360 8 1000 3773.0
360 9 1000 3645.4
360 10 1000 3666.7
385 0 1000 3119.7
385 1 1000 3312.6
385 2 1000 3609.5
385 3 1000 3653.2
385 4 1000 4230.3
385 5 1000 3672.6
385 6 1000 3567.4
385 7 1000 3603.9
385 8 1000 3705.5
385 9 1000 3792.1
385 10 1000 3745.2
410 0 1000 3171.6
410 1 1000 3319.9
410 2 1000 3459.3
410 3 1000 3626.5
410 4 1000 3634.5
410 5 1000 3533.9
410 6 1000 8091.1
410 7 1000 3773.0
410 8 1000 3663.4
410 9 1000 3539.1
410 10 1000 3591.6
435 0 1000 3091.1
435 1 1000 3324.5
435 2 1000 3626.6
435 3 1000 3495.6
435 4 1000 3600.1
435 5 1000 3785.5
435 6 1000 3804.7
435 7 1000 3633.3
435 8 1000 3627.2
435 9 1000 3610.6
435 10 1000 3772.9
460 0 1000 3069.7
460 1 1000 3274.7
460 2 1000 3530.9
460 3 1000 3539.7
460 4 1000 3476.6
460 5 1000 3591.4
460 6 1000 3592.8
460 7 1000 3909.8
460 8 1000 3717.3
460 9 1000 4701.6
460 10 1000 3844.4
485 0 1000 3314.0
485 1 1000 3320.7
485 2 1000 3547.9
485 3 1000 3797.7
485 4 1000 3837.4
485 5 1000 3626.0
485 6 1000 3669.6
485 7 1000 3538.9
485 8 1000 3665.1
485 9 1000 3648.0
485 10 1000 3652.6
510 0 1000 3376.1
510 1 1000 3385.9
510 2 1000 3386.7
510 3 1000 3365.5
510 4 1000 3499.9
510 5 1000 3837.7
510 6 1000 3407.3
510 7 1000 3783.7
510 8 1000 3477.3
510 9 1000 4512.0
510 10 1000 3404.1
535 0 1000 3577.4
535 1 1000 4235.7
535 2 1000 3410.1
535 3 1000 3371.0
535 4 1000 3416.5
535 5 1000 3802.2
535 6 1000 3426.0
535 7 1000 3431.9
535 8 1000 3384.7
535 9 1000 3618.3
535 10 1000 3446.5
560 0 1000 4511.1
560 1 1000 3424.1
560 2 1000 3424.1
560 3 1000 3430.2
560 4 1000 3431.8
560 5 1000 3400.6
560 6 1000 4363.7
560 7 1000 3405.4
560 8 1000 3412.1
560 9 1000 3642.4
560 10 1000 3463.2
585 0 1000 3399.0
585 1 1000 3421.2
585 2 1000 3457.5
585 3 1000 3413.9
585 4 1000 3421.6
585 5 1000 3437.0
585 6 1000 3451.0
585 7 1000 3457.3
585 8 1000 3430.9
585 9 1000 3417.7
585 10 1000 129140.6
610 0 1000 81052.5
610 1 1000 253498.5
610 2 1000 4331.3
610 3 1000 3443.7
610 4 1000 3544.5
610 5 1000 15700.8
610 6 1000 3490.2
610 7 1000 3516.5
610 8 1000 3432.9
610 9 1000 3420.6
610 10 1000 3433.5
635 0 1000 4435.3
635 1 1000 3437.5
635 2 1000 3475.0
635 3 1000 3559.7
635 4 1000 4403.8
635 5 1000 3532.6
635 6 1000 3532.4
635 7 1000 3589.8
635 8 1000 3548.1
635 9 1000 3480.1
635 10 1000 3724.4
660 0 1000 4351.5
660 1 1000 3469.8
660 2 1000 3532.5
660 3 1000 3579.9
660 4 1000 3382.5
660 5 1000 3450.2
660 6 1000 3438.8
660 7 1000 3429.3
660 8 1000 3360.7
660 9 1000 3833.9
660 10 1000 3397.8
685 0 1000 3591.6
685 1 1000 3377.4
685 2 1000 3405.0
685 3 1000 3485.5
685 4 1000 3380.1
685 5 1000 3456.4
685 6 1000 4575.3
685 7 1000 3392.6
685 8 1000 3425.2
685 9 1000 3399.9
685 10 1000 3391.3
710 0 1000 3442.5
710 1 1000 3473.4
710 2 1000 3461.9
710 3 1000 3427.0
710 4 1000 3487.3
710 5 1000 3405.9
710 6 1000 3546.5
710 7 1000 3562.1
710 8 1000 3515.3
710 9 1000 3576.8
710 10 1000 3460.7
735 0 1000 3449.5
735 1 1000 3456.3
735 2 1000 3491.8
735 3 1000 3423.3
735 4 1000 3468.0
735 5 1000 3433.3
735 6 1000 3507.6
735 7 1000 3431.4
735 8 1000 3582.6
735 9 1000 3431.9
735 10 1000 3475.9
760 0 1000 3690.9
760 1 1000 3489.3
760 2 1000 3443.9
760 3 1000 3799.2
760 4 1000 4275.7
760 5 1000 3486.1
760 6 1000 5839.8
760 7 1000 3500.2
760 8 1000 4579.3
760 9 1000 3571.8
760 10 1000 3540.0
785 0 1000 3512.5
785 1 1000 3589.8
785 2 1000 3504.3
785 3 1000 3518.4
785 4 1000 3540.6
785 5 1000 3570.7
785 6 1000 4567.5
785 7 1000 3535.1
785 8 1000 3592.2
785 9 1000 3568.0
785 10 1000 3595.3
810 0 1000 3572.4
810 1 1000 3576.2
810 2 1000 3528.5
810 3 1000 3503.9
810 4 1000 3562.5
810 5 1000 3469.6
810 6 1000 3523.1
810 7 1000 3547.9
810 8 1000 3579.0
810 9 1000 3571.8
810 10 1000 3539.0
835 0 1000 3515.4
835 1 1000 3626.4
835 2 1000 3521.4
835 3 1000 3576.9
835 4 1000 3587.5
835 5 1000 3610.3
835 6 1000 3510.7
835 7 1000 3589.4
835 8 1000 3544.3
835 9 1000 3485.4
835 10 1000 3503.3
860 0 1000 3518.8
860 1 1000 3527.3
860 2 1000 3562.1
860 3 1000 3546.6
860 4 1000 3584.0
860 5 1000 3574.8
860 6 1000 3574.7
860 7 1000 3966.8
860 8 1000 3532.8
860 9 1000 3523.1
860 10 1000 3604.8
885 0 1000 4482.3
885 1 1000 3509.4
885 2 1000 3634.2
885 3 1000 3563.8
885 4 1000 3569.3
885 5 1000 3501.7
885 6 1000 3555.6
885 7 1000 3603.5
885 8 1000 3534.3
885 9 1000 3490.3
885 10 1000 3514.9
910 0 1000 3525.0
910 1 1000 3600.8
910 2 1000 3590.9
910 3 1000 3480.9
910 4 1000 3591.2
910 5 1000 3580.5
910 6 1000 3530.7
910 7 1000 3491.3
910 8 1000 3526.6
910 9 1000 3519.3
910 10 1000 3597.9
935 0 1000 3598.2
935 1 1000 3611.2
935 2 1000 3605.1
935 3 1000 4318.5
935 4 1000 3560.1
935 5 1000 3557.0
935 6 1000 3566.9
935 7 1000 3523.0
935 8 1000 3502.1
935 9 1000 3611.7
935 10 1000 3519.1
960 0 1000 3613.7
960 1 1000 3592.7
960 2 1000 4401.9
960 3 1000 3601.1
960 4 1000 3559.4
960 5 1000 3572.9
960 6 1000 3469.3
960 7 1000 3621.1
960 8 1000 4413.9
960 9 1000 3584.4
960 10 1000 3665.9
985 0 1000 3534.5
985 1 1000 3539.0
985 2 1000 3594.6
985 3 1000 3569.1
985 4 1000 3571.0
985 5 1000 3497.9
985 6 1000 3531.1
985 7 1000 3616.9
985 8 1000 3596.6
985 9 1000 3598.7
985 10 1000 3594.1
1010 0 1000 4099.3
1010 1 1000 4068.9
1010 2 1000 3985.2
1010 3 1000 4002.4
1010 4 1000 4002.8
1010 5 1000 3902.7
1010 6 1000 3921.1
1010 7 1000 4040.0
1010 8 1000 3937.5
1010 9 1000 3895.7
1010 10 1000 4098.7
1035 0 1000 4048.6
1035 1 1000 4045.8
1035 2 1000 3998.8
1035 3 1000 3957.7
1035 4 1000 4047.9
1035 5 1000 4803.7
1035 6 1000 4087.7
1035 7 1000 4010.0
1035 8 1000 3946.2
1035 9 1000 3916.2
1035 10 1000 3954.9
1060 0 1000 4092.5
1060 1 1000 3964.8
1060 2 1000 3912.5
1060 3 1000 4036.7
1060 4 1000 3923.6
1060 5 1000 3910.8
1060 6 1000 4050.4
1060 7 1000 4049.5
1060 8 1000 4167.7
1060 9 1000 4060.3
1060 10 1000 5035.9
1085 0 1000 4065.8
1085 1 1000 4704.4
1085 2 1000 4027.8
1085 3 1000 4081.3
1085 4 1000 4002.5
1085 5 1000 4031.8
1085 6 1000 3912.4
1085 7 1000 3973.6
1085 8 1000 4824.9
1085 9 1000 4005.4
1085 10 1000 4606.8
1110 0 1000 4038.7
1110 1 1000 6333.4
1110 2 1000 4000.0
1110 3 1000 3938.1
1110 4 1000 3919.2
1110 5 1000 3911.5
1110 6 1000 4033.2
1110 7 1000 4045.4
1110 8 1000 4063.7
1110 9 1000 4168.9
1110 10 1000 4019.2
1135 0 1000 3906.2
1135 1 1000 3909.8
1135 2 1000 3964.0
1135 3 1000 3954.3
1135 4 1000 4034.9
1135 5 1000 3940.4
1135 6 1000 4787.4
1135 7 1000 3900.2
1135 8 1000 4093.2
1135 9 1000 4179.2
1135 10 1000 4075.9
1160 0 1000 3990.2
1160 1 1000 4024.3
1160 2 1000 4012.1
1160 3 1000 3953.3
1160 4 1000 4073.7
1160 5 1000 4082.7
1160 6 1000 3913.6
1160 7 1000 4081.7
1160 8 1000 3967.9
1160 9 1000 4055.6
1160 10 1000 4043.9
1185 0 1000 3948.5
1185 1 1000 3955.6
1185 2 1000 4173.3
1185 3 1000 3909.4
1185 4 1000 3935.7
1185 5 1000 4091.6
1185 6 1000 4103.0
1185 7 1000 4013.2
1185 8 1000 4043.3
1185 9 1000 3934.8
1185 10 1000 4173.4
1210 0 1000 4008.3
1210 1 1000 4046.6
1210 2 1000 4020.2
1210 3 1000 4009.3
1210 4 1000 4171.2
1210 5 1000 4098.2
1210 6 1000 3927.9
1210 7 1000 3920.0
1210 8 1000 4872.7
1210 9 1000 4716.1
1210 10 1000 4928.9
1235 0 1000 4019.2
1235 1 1000 4200.3
1235 2 1000 3919.7
1235 3 1000 4040.9
1235 4 1000 4040.3
1235 5 1000 4045.5
1235 6 1000 4767.6
1235 7 1000 4022.0
1235 8 1000 4813.8
1235 9 1000 4057.5
1235 10 1000 4938.4
1260 0 1000 3957.5
1260 1 1000 3997.9
1260 2 1000 4041.3
1260 3 1000 3976.6
1260 4 1000 4030.6
1260 5 1000 4039.5
1260 6 1000 4180.1
1260 7 1000 4072.0
1260 8 1000 3974.1
1260 9 1000 4040.3
1260 10 1000 4028.8
1285 0 1000 3997.6
1285 1 1000 4060.3
1285 2 1000 3873.8
1285 3 1000 3871.6
1285 4 1000 3761.8
1285 5 1000 4612.4
1285 6 1000 3832.9
1285 7 1000 3838.7
1285 8 1000 4673.5
1285 9 1000 3771.2
1285 10 1000 3854.6
1310 0 1000 3826.0
1310 1 1000 3774.1
1310 2 1000 3795.4
1310 3 1000 3857.3
1310 4 1000 3790.1
1310 5 1000 4729.1
1310 6 1000 4065.6
1310 7 1000 3832.6
1310 8 1000 4736.8
1310 9 1000 3862.4
1310 10 1000 3860.0
1335 0 1000 3841.8
1335 1 1000 3826.4
1335 2 1000 3982.6
1335 3 1000 4595.1
1335 4 1000 3791.6
1335 5 1000 3862.5
1335 6 1000 3813.6
1335 7 1000 4564.4
1335 8 1000 4619.0
1335 9 1000 3795.0
1335 10 1000 4664.4
1360 0 1000 3768.6
1360 1 1000 3808.0
1360 2 1000 3882.2
1360 3 1000 3843.3
1360 4 1000 3848.0
1360 5 1000 3895.8
1360 6 1000 4770.1
1360 7 1000 3888.9
1360 8 1000 3877.7
1360 9 1000 3847.3
1360 10 1000 3803.4
1385 0 1000 3787.5
1385 1 1000 3820.1
1385 2 1000 3786.6
1385 3 1000 3775.3
1385 4 1000 4738.9
1385 5 1000 11621.0
1385 6 1000 3900.9
1385 7 1000 3851.0
1385 8 1000 7244.6
1385 9 1000 4172.3
1385 10 1000 3824.2
1410 0 1000 3795.4
1410 1 1000 3792.2
1410 2 1000 3836.2
1410 3 1000 3833.6
1410 4 1000 3819.2
1410 5 1000 4047.0
1410 6 1000 3847.6
1410 7 1000 3919.0
1410 8 1000 4247.0
1410 9 1000 3808.8
1410 10 1000 4090.5
1435 0 1000 3854.0
1435 1 1000 3974.7
1435 2 1000 4744.4
1435 3 1000 4682.6
1435 4 1000 3913.8
1435 5 1000 3843.8
1435 6 1000 3835.3
1435 7 1000 3854.7
1435 8 1000 3969.2
1435 9 1000 3936.5
1435 10 1000 3989.5
1460 0 1000 4613.8
1460 1 1000 3867.8
1460 2 1000 4314.2
1460 3 1000 3872.0
1460 4 1000 3884.1
1460 5 1000 4694.2
1460 6 1000 3833.4
1460 7 1000 4297.4
1460 8 1000 4785.2
1460 9 1000 4010.7
1460 10 1000 4043.6
1485 0 1000 4562.4
1485 1 1000 3964.8
1485 2 1000 4026.5
1485 3 1000 3848.3
1485 4 1000 4235.1
1485 5 1000 4058.7
1485 6 1000 3989.0
1485 7 1000 3875.2
1485 8 1000 4064.9
1485 9 1000 3956.4
1485 10 1000 3952.0
1510 0 1000 3924.2
1510 1 1000 3909.6
1510 2 1000 3959.3
1510 3 1000 3904.9
1510 4 1000 3863.2
1510 5 1000 3931.5
1510 6 1000 4061.0
1510 7 1000 3896.4
1510 8 1000 3808.9
1510 9 1000 3854.8
1510 10 1000 3902.5
1535 0 1000 3850.8
1535 1 1000 3874.0
1535 2 1000 3910.4
1535 3 1000 4765.2
1535 4 1000 3997.7
1535 5 1000 3995.4
1535 6 1000 4015.8
1535 7 1000 3877.1
1535 8 1000 4001.2
1535 9 1000 4148.7
1535 10 1000 3942.9
1560 0 1000 3993.7
1560 1 1000 3947.0
1560 2 1000 3871.3
1560 3 1000 4875.8
1560 4 1000 3842.5
1560 5 1000 4726.4
1560 6 1000 3830.9
1560 7 1000 3804.5
1560 8 1000 4686.9
1560 9 1000 3882.7
1560 10 1000 3856.9
1585 0 1000 3779.8
1585 1 1000 4695.8
1585 2 1000 3788.4
1585 3 1000 5034.7
1585 4 1000 3801.8
1585 5 1000 3860.9
1585 6 1000 4094.0
1585 7 1000 3855.7
1585 8 1000 3912.9
1585 9 1000 4627.5
1585 10 1000 3787.1
1610 0 1000 3844.5
1610 1 1000 3765.8
1610 2 1000 3882.1
1610 3 1000 3896.2
1610 4 1000 4704.5
1610 5 1000 3911.3
1610 6 1000 4292.1
1610 7 1000 4153.2
1610 8 1000 3988.7
1610 9 1000 4039.0
1610 10 1000 4676.1
1635 0 1000 4610.6
1635 1 1000 3813.1
1635 2 1000 3847.5
1635 3 1000 9378.8
1635 4 1000 4404.3
1635 5 1000 3864.3
1635 6 1000 3884.6
1635 7 1000 3882.7
1635 8 1000 4243.5
1635 9 1000 4967.6
1635 10 1000 4456.8
1660 0 1000 3971.7
1660 1 1000 3853.7
1660 2 1000 3765.5
1660 3 1000 3800.5
1660 4 1000 3841.5
1660 5 1000 4797.9
1660 6 1000 3781.3
1660 7 1000 4859.6
1660 8 1000 3813.8
1660 9 1000 3857.5
1660 10 1000 3818.9
1685 0 1000 3852.1
1685 1 1000 3850.1
1685 2 1000 3861.0
1685 3 1000 3787.3
1685 4 1000 4064.4
1685 5 1000 3868.5
1685 6 1000 3936.8
1685 7 1000 3819.8
1685 8 1000 3824.2
1685 9 1000 4351.0
1685 10 1000 3919.7
1710 0 1000 3792.2
1710 1 1000 4639.9
1710 2 1000 3804.1
1710 3 1000 3935.8
1710 4 1000 3883.4
1710 5 1000 3845.5
1710 6 1000 3860.9
1710 7 1000 3860.6
1710 8 1000 3839.5
1710 9 1000 3919.0
1710 10 1000 3896.8
1735 0 1000 3886.6
1735 1 1000 3815.9
1735 2 1000 5017.0
1735 3 1000 3892.5
1735 4 1000 3882.5
1735 5 1000 3819.4
1735 6 1000 3834.3
1735 7 1000 4849.5
1735 8 1000 3897.5
1735 9 1000 3875.6
1735 10 1000 3924.8
1760 0 1000 3892.1
1760 1 1000 3845.4
1760 2 1000 3918.7
1760 3 1000 3841.6
1760 4 1000 3809.4
1760 5 1000 3848.5
1760 6 1000 3944.5
1760 7 1000 3845.1
1760 8 1000 3830.3
1760 9 1000 3935.6
1760 10 1000 3972.3
1785 0 1000 3842.3
1785 1 1000 3790.0
1785 2 1000 3922.2
1785 3 1000 3840.0
1785 4 1000 3933.9
1785 5 1000 3915.8
1785 6 1000 3820.1
1785 7 1000 3775.0
1785 8 1000 4719.8
1785 9 1000 3830.6
1785 10 1000 4607.7
1810 0 1000 3816.3
1810 1 1000 3879.3
1810 2 1000 4760.5
1810 3 1000 3842.3
1810 4 1000 3874.7
1810 5 1000 3854.4
1810 6 1000 3961.6
1810 7 1000 3827.1
1810 8 1000 3953.7
1810 9 1000 3804.4
1810 10 1000 3842.6
1835 0 1000 4877.0
1835 1 1000 3813.3
1835 2 1000 3824.8
1835 3 1000 3819.0
1835 4 1000 5025.1
1835 5 1000 3809.9
1835 6 1000 3833.2
1835 7 1000 3818.9
1835 8 1000 3867.6
1835 9 1000 3846.7
1835 10 1000 3814.0
1860 0 1000 3840.7
1860 1 1000 3945.2
1860 2 1000 3861.6
1860 3 1000 3810.4
1860 4 1000 3890.9
1860 5 1000 3855.6
1860 6 1000 3973.2
1860 7 1000 3860.7
1860 8 1000 4018.5
1860 9 1000 3813.6
1860 10 1000 3854.4
1885 0 1000 3877.8
1885 1 1000 3918.4
1885 2 1000 3822.2
1885 3 1000 3865.0
1885 4 1000 3808.7
1885 5 1000 4887.2
1885 6 1000 3846.5
1885 7 1000 3886.1
1885 8 1000 3829.9
1885 9 1000 3842.6
1885 10 1000 3837.1
1910 0 1000 3843.2
1910 1 1000 3818.0
1910 2 1000 4007.4
1910 3 1000 3808.7
1910 4 1000 3849.5
1910 5 1000 3842.4
1910 6 1000 3795.2
1910 7 1000 3809.9
1910 8 1000 3803.2
1910 9 1000 3870.8
1910 10 1000 3812.9
1935 0 1000 3813.4
1935 1 1000 3854.8
1935 2 1000 3876.8
1935 3 1000 4975.3
1935 4 1000 3866.8
1935 5 1000 4615.1
1935 6 1000 4662.3
1935 7 1000 3785.9
1935 8 1000 3849.2
1935 9 1000 3785.8
1935 10 1000 3834.1
1960 0 1000 3838.3
1960 1 1000 3831.5
1960 2 1000 3845.2
1960 3 1000 3803.1
1960 4 1000 3801.7
1960 5 1000 3806.3
1960 6 1000 3845.4
1960 7 1000 3869.8
1960 8 1000 4784.5
1960 9 1000 3882.2
1960 10 1000 3843.8
1985 0 1000 3801.0
1985 1 1000 3853.5
1985 2 1000 3860.5
1985 3 1000 6751.5
1985 4 1000 3952.1
1985 5 1000 3841.4
1985 6 1000 3833.6
1985 7 1000 3898.0
1985 8 1000 3905.3
1985 9 1000 4045.3
1985 10 1000 4009.9
2010 0 1000 3964.2
2010 1 1000 3832.3
2010 2 1000 3882.1
2010 3 1000 3838.5
2010 4 1000 3863.1
2010 5 1000 3880.2
2010 6 1000 3838.8
2010 7 1000 3877.1
2010 8 1000 3904.2
2010 9 1000 3830.3
2010 10 1000 3868.1
10 0 10000 6306.8
10 1 10000 8892.9
10 2 10000 8400.1
10 3 10000 9089.1
10 4 10000 11030.4
10 5 10000 14487.7
10 6 10000 27747.2
10 7 10000 57188.9
10 8 10000 125124.0
10 9 10000 245102.5
10 10 10000 496784.3
35 0 10000 5221.2
35 1 10000 6206.8
35 2 10000 6087.9
35 3 10000 6844.4
35 4 10000 8548.1
35 5 10000 12325.5
35 6 10000 26048.9
35 7 10000 54561.6
35 8 10000 120867.5
35 9 10000 239890.3
35 10 10000 237050.1
60 0 10000 4799.9
60 1 10000 4976.2
60 2 10000 5146.6
60 3 10000 6565.7
60 4 10000 8232.0
60 5 10000 14986.3
60 6 10000 28788.1
60 7 10000 53483.4
60 8 10000 120719.6
60 9 10000 118926.8
60 10 10000 118343.2
85 0 10000 4774.6
85 1 10000 4448.2
85 2 10000 4684.5
85 3 10000 5666.7
85 4 10000 8337.3
85 5 10000 15950.3
85 6 10000 28013.9
85 7 10000 55155.9
85 8 10000 53214.1
85 9 10000 55135.6
85 10 10000 54022.7
110 0 10000 5838.8
110 1 10000 4377.2
110 2 10000 4623.5
110 3 10000 5669.7
110 4 10000 7797.6
110 5 10000 14949.6
110 6 10000 27070.7
110 7 10000 59667.1
110 8 10000 56294.7
110 9 10000 60008.5
110 10 10000 51873.1
135 0 10000 5338.9
135 1 10000 4536.3
135 2 10000 6514.8
135 3 10000 6272.3
135 4 10000 9272.1
135 5 10000 13459.5
135 6 10000 28798.4
135 7 10000 71515.4
135 8 10000 70939.0
135 9 10000 63617.1
135 10 10000 70247.8
160 0 10000 5627.4
160 1 10000 4712.3
160 2 10000 4586.5
160 3 10000 54153.3
160 4 10000 8813.7
160 5 10000 13752.0
160 6 10000 33788.7
160 7 10000 29150.9
160 8 10000 34066.3
160 9 10000 33780.6
160 10 10000 34263.1
185 0 10000 5713.5
185 1 10000 7930.6
185 2 10000 4809.3
185 3 10000 6448.6
185 4 10000 7353.3
185 5 10000 14489.2
185 6 10000 31118.5
185 7 10000 36413.2
185 8 10000 33558.6
185 9 10000 30818.6
185 10 10000 33986.4
210 0 10000 5103.6
210 1 10000 4486.6
210 2 10000 4758.8
210 3 10000 5732.6
210 4 10000 9760.2
210 5 10000 13902.8
210 6 10000 28201.3
210 7 10000 30655.8
210 8 10000 26155.9
210 9 10000 31338.6
210 10 10000 30870.7
235 0 10000 5123.5
235 1 10000 4596.8
235 2 10000 4759.4
235 3 10000 5800.1
235 4 10000 8299.6
235 5 10000 14638.3
235 6 10000 32910.3
235 7 10000 33317.5
235 8 10000 33072.8
235 9 10000 31192.2
235 10 10000 32904.3
260 0 10000 6156.1
260 1 10000 4648.8
260 2 10000 4883.4
260 3 10000 6000.3
260 4 10000 8105.5
260 5 10000 15731.6
260 6 10000 35916.8
260 7 10000 32573.5
260 8 10000 35172.7
260 9 10000 35291.4
260 10 10000 37148.7
285 0 10000 5135.5
285 1 10000 7904.2
285 2 10000 4677.0
285 3 10000 5854.0
285 4 10000 7772.1
285 5 10000 16874.1
285 6 10000 33899.8
285 7 10000 33624.6
285 8 10000 34370.6
285 9 10000 33250.2
285 10 10000 35462.1
310 0 10000 5172.4
310 1 10000 4598.4
310 2 10000 4802.2
310 3 10000 6514.1
310 4 10000 7753.2
310 5 10000 18083.4
310 6 10000 36195.5
310 7 10000 38417.6
310 8 10000 38302.7
310 9 10000 39585.5
310 10 10000 42040.1
335 0 10000 6565.8
335 1 10000 5071.0
335 2 10000 5309.8
335 3 10000 6244.6
335 4 10000 8184.5
335 5 10000 19839.9
335 6 10000 21228.0
335 7 10000 19807.1
335 8 10000 21400.1
335 9 10000 21547.2
335 10 10000 20133.9
360 0 10000 6121.3
360 1 10000 5141.8
360 2 10000 5075.9
360 3 10000 7542.1
360 4 10000 13613.9
360 5 10000 19809.8
360 6 10000 20739.1
360 7 10000 20554.1
360 8 10000 24281.5
360 9 10000 20447.0
360 10 10000 21171.1
385 0 10000 6066.4
385 1 10000 5175.9
385 2 10000 4999.4
385 3 10000 6383.8
385 4 10000 10579.1
385 5 10000 20967.4
385 6 10000 22483.4
385 7 10000 21813.9
385 8 10000 21252.8
385 9 10000 21669.6
385 10 10000 22460.1
410 0 10000 6813.1
410 1 10000 5128.9
410 2 10000 5277.8
410 3 10000 6761.8
410 4 10000 11737.3
410 5 10000 21346.0
410 6 10000 24386.0
410 7 10000 22669.7
410 8 10000 22466.3
410 9 10000 24005.4
410 10 10000 21319.0
435 0 10000 6806.2
435 1 10000 5218.3
435 2 10000 5319.9
435 3 10000 8502.8
435 4 10000 11713.1
435 5 10000 23543.9
435 6 10000 24092.3
435 7 10000 23131.2
435 8 10000 22887.9
435 9 10000 27634.5
435 10 10000 26899.0
460 0 10000 6888.0
460 1 10000 5147.0
460 2 10000 5261.9
460 3 10000 7898.3
460 4 10000 14463.2
460 5 10000 28579.8
460 6 10000 27149.3
460 7 10000 26340.8
460 8 10000 27118.7
460 9 10000 26397.4
460 10 10000 27581.3
485 0 10000 7022.3
485 1 10000 5109.7
485 2 10000 5100.1
485 3 10000 7718.6
485 4 10000 13774.2
485 5 10000 27621.7
485 6 10000 27030.7
485 7 10000 24407.0
485 8 10000 28279.7
485 9 10000 27178.9
485 10 10000 26084.8
510 0 10000 6411.9
510 1 10000 5145.7
510 2 10000 5203.7
510 3 10000 8288.1
510 4 10000 14440.8
510 5 10000 26346.5
510 6 10000 26970.2
510 7 10000 26920.8
510 8 10000 27436.2
510 9 10000 26812.5
510 10 10000 26011.4
535 0 10000 7699.8
535 1 10000 5061.9
535 2 10000 6244.5
535 3 10000 7398.4
535 4 10000 14788.3
535 5 10000 26961.4
535 6 10000 27024.6
535 7 10000 27215.1
535 8 10000 26465.0
535 9 10000 26173.3
535 10 10000 28818.9
560 0 10000 6416.2
560 1 10000 5314.6
560 2 10000 5197.7
560 3 10000 8708.0
560 4 10000 15382.5
560 5 10000 25936.2
560 6 10000 27055.2
560 7 10000 27505.4
560 8 10000 30161.6
560 9 10000 27553.5
560 10 10000 27138.6
585 0 10000 7031.4
585 1 10000 4950.1
585 2 10000 5255.7
585 3 10000 8765.2
585 4 10000 14954.9
585 5 10000 27936.3
585 6 10000 28786.6
585 7 10000 26870.2
585 8 10000 28749.0
585 9 10000 29311.2
585 10 10000 29676.4
610 0 10000 6096.9
610 1 10000 5141.7
610 2 10000 5686.2
610 3 10000 8544.2
610 4 10000 14749.6
610 5 10000 28187.7
610 6 10000 36530.2
610 7 10000 93215.6
610 8 10000 41479.1
610 9 10000 30879.1
610 10 10000 33957.5
635 0 10000 8759.2
635 1 10000 6900.8
635 2 10000 11693.9
635 3 10000 10454.7
635 4 10000 15494.9
635 5 10000 14430.4
635 6 10000 15389.1
635 7 10000 14827.9
635 8 10000 16114.0
635 9 10000 15367.7
635 10 10000 15197.9
660 0 10000 8292.8
660 1 10000 6315.0
660 2 10000 6039.3
660 3 10000 9358.7
660 4 10000 15431.7
660 5 10000 14686.6
660 6 10000 15859.6
660 7 10000 14709.5
660 8 10000 16211.5
660 9 10000 15571.3
660 10 10000 15155.5
685 0 10000 8377.4
685 1 10000 6398.1
685 2 10000 7264.3
685 3 10000 10209.2
685 4 10000 15881.1
685 5 10000 15608.7
685 6 10000 15191.5
685 7 10000 14975.6
685 8 10000 15640.4
685 9 10000 16566.4
685 10 10000 14708.0
710 0 10000 8488.9
710 1 10000 6077.3
710 2 10000 6446.5
710 3 10000 9884.9
710 4 10000 17942.8
710 5 10000 15280.4
710 6 10000 16073.1
710 7 10000 17190.3
710 8 10000 16880.8
710 9 10000 15701.1
710 10 10000 15874.1
735 0 10000 8639.4
735 1 10000 6553.7
735 2 10000 6332.5
735 3 10000 9902.4
735 4 10000 15639.2
735 5 10000 16719.1
735 6 10000 14215.5
735 7 10000 15865.7
735 8 10000 14946.5
735 9 10000 16150.3
735 10 10000 16439.3
760 0 10000 8286.1
760 1 10000 6641.6
760 2 10000 31301.6
760 3 10000 9533.9
760 4 10000 14553.4
760 5 10000 16062.3
760 6 10000 15384.2
760 7 10000 18783.5
760 8 10000 15728.5
760 9 10000 15921.1
760 10 10000 15001.5
785 0 10000 8309.4
785 1 10000 6500.2
785 2 10000 6704.3
785 3 10000 10148.5
785 4 10000 15445.0
785 5 10000 14993.1
785 6 10000 15567.1
785 7 10000 15602.2
785 8 10000 17867.2
785 9 10000 16217.0
785 10 10000 15779.0
810 0 10000 8328.8
810 1 10000 6381.6
810 2 10000 5767.5
810 3 10000 7960.6
810 4 10000 15494.2
810 5 10000 9972.2
810 6 10000 9519.8
810 7 10000 8735.1
810 8 10000 8450.1
810 9 10000 10402.2
810 10 10000 9704.1
835 0 10000 8561.0
835 1 10000 6123.5
835 2 10000 6436.0
835 3 10000 7974.8
835 4 10000 10490.2
835 5 10000 9728.2
835 6 10000 8802.7
835 7 10000 9393.0
835 8 10000 8965.8
835 9 10000 9218.3
835 10 10000 10177.6
860 0 10000 8390.6
860 1 10000 6138.1
860 2 10000 6237.4
860 3 10000 8211.0
860 4 10000 9318.0
860 5 10000 10100.0
860 6 10000 9372.2
860 7 10000 9656.4
860 8 10000 9540.1
860 9 10000 9523.7
860 10 10000 9782.9
885 0 10000 8353.7
885 1 10000 7616.8
885 2 10000 7179.6
885 3 10000 7730.3
885 4 10000 9398.1
885 5 10000 9700.2
885 6 10000 10864.2
885 7 10000 10800.3
885 8 10000 10499.3
885 9 10000 9115.6
885 10 10000 9453.9
910 0 10000 8233.1
910 1 10000 6473.5
910 2 10000 5632.3
910 3 10000 7588.2
910 4 10000 9654.4
910 5 10000 9904.5
910 6 10000 10005.8
910 7 10000 9169.3
910 8 10000 9280.7
910 9 10000 8556.9
910 10 10000 9101.5
935 0 10000 8233.7
935 1 10000 6092.4
935 2 10000 6268.1
935 3 10000 7697.3
935 4 10000 9232.6
935 5 10000 11215.1
935 6 10000 11926.1
935 7 10000 13685.0
935 8 10000 9885.8
935 9 10000 9037.7
935 10 10000 9404.7
960 0 10000 8331.5
960 1 10000 6093.0
960 2 10000 6216.9
960 3 10000 8100.4
960 4 10000 9849.5
960 5 10000 9549.4
960 6 10000 9918.2
960 7 10000 9395.5
960 8 10000 9797.6
960 9 10000 9968.3
960 10 10000 10705.2
985 0 10000 8201.8
985 1 10000 6129.2
985 2 10000 7423.6
985 3 10000 7713.8
985 4 10000 9487.2
985 5 10000 9231.6
985 6 10000 9458.9
985 7 10000 9487.3
985 8 10000 9043.9
985 9 10000 8639.4
985 10 10000 9318.3
1010 0 10000 8215.6
1010 1 10000 6433.1
1010 2 10000 6476.5
1010 3 10000 7808.4
1010 4 10000 8674.7
1010 5 10000 12550.3
1010 6 10000 11160.6
1010 7 10000 10632.8
1010 8 10000 10030.0
1010 9 10000 11843.9
1010 10 10000 10092.0
1035 0 10000 8618.3
1035 1 10000 6603.9
1035 2 10000 6299.7
1035 3 10000 7844.6
1035 4 10000 8557.3
1035 5 10000 10661.4
1035 6 10000 9728.5
1035 7 10000 10384.1
1035 8 10000 9158.8
1035 9 10000 9439.3
1035 10 10000 10323.0
1060 0 10000 9280.0
1060 1 10000 6585.8
1060 2 10000 5913.7
1060 3 10000 8452.3
1060 4 10000 9168.3
1060 5 10000 9156.1
1060 6 10000 9311.0
1060 7 10000 9119.1
1060 8 10000 10551.9
1060 9 10000 10127.0
1060 10 10000 11132.1
1085 0 10000 8566.7
1085 1 10000 6573.3
1085 2 10000 6122.8
1085 3 10000 7279.7
1085 4 10000 9712.0
1085 5 10000 10386.1
1085 6 10000 9066.6
1085 7 10000 8794.6
1085 8 10000 9891.6
1085 9 10000 8551.1
1085 10 10000 8652.6
1110 0 10000 9012.4
1110 1 10000 6116.1
1110 2 10000 6095.8
1110 3 10000 7641.4
1110 4 10000 9081.9
1110 5 10000 9229.7
1110 6 10000 9565.0
1110 7 10000 9554.3
1110 8 10000 9405.2
1110 9 10000 9585.5
1110 10 10000 9178.5
1135 0 10000 8166.5
1135 1 10000 6179.5
1135 2 10000 6107.3
1135 3 10000 7882.8
1135 4 10000 9276.9
1135 5 10000 9185.4
1135 6 10000 8757.3
1135 7 10000 9122.7
1135 8 10000 9051.4
1135 9 10000 8798.0
1135 10 10000 8901.0
1160 0 10000 8318.5
1160 1 10000 6348.6
1160 2 10000 6097.5
1160 3 10000 7625.4
1160 4 10000 9520.6
1160 5 10000 9998.6
1160 6 10000 9906.9
1160 7 10000 10412.0
1160 8 10000 9720.8
1160 9 10000 8702.6
1160 10 10000 9051.1
1185 0 10000 8264.8
1185 1 10000 6284.2
1185 2 10000 6380.4
1185 3 10000 7650.4
1185 4 10000 9930.4
1185 5 10000 9289.4
1185 6 10000 9801.6
1185 7 10000 9017.9
1185 8 10000 9713.3
1185 9 10000 9439.0
1185 10 10000 9578.4
1210 0 10000 8174.8
1210 1 10000 6071.6
1210 2 10000 5719.0
1210 3 10000 7444.2
1210 4 10000 10525.9
1210 5 10000 9258.3
1210 6 10000 8905.7
1210 7 10000 8881.7
1210 8 10000 10511.3
1210 9 10000 9259.3
1210 10 10000 9797.3
1235 0 10000 8417.5
1235 1 10000 6263.6
1235 2 10000 5799.0
1235 3 10000 7788.4
1235 4 10000 8637.7
1235 5 10000 8874.7
1235 6 10000 9663.1
1235 7 10000 9279.7
1235 8 10000 8794.5
1235 9 10000 9921.3
1235 10 10000 9553.3
1260 0 10000 12928.1
1260 1 10000 8574.1
1260 2 10000 7796.0
1260 3 10000 9721.2
1260 4 10000 9883.2
1260 5 10000 9112.4
1260 6 10000 9710.4
1260 7 10000 8965.8
1260 8 10000 9154.8
1260 9 10000 9317.2
1260 10 10000 9417.7
1285 0 10000 12796.7
1285 1 10000 8464.8
1285 2 10000 7556.3
1285 3 10000 10142.7
1285 4 10000 9657.3
1285 5 10000 9312.0
1285 6 10000 10121.5
1285 7 10000 9077.9
1285 8 10000 9670.5
1285 9 10000 9987.2
1285 10 10000 9768.2
1310 0 10000 12962.7
1310 1 10000 8497.8
1310 2 10000 7516.8
1310 3 10000 9402.6
1310 4 10000 9310.5
1310 5 10000 9399.5
1310 6 10000 9238.0
1310 7 10000 9817.3
1310 8 10000 9840.1
1310 9 10000 9319.4
1310 10 10000 9412.9
1335 0 10000 12940.1
1335 1 10000 8788.2
1335 2 10000 7066.1
1335 3 10000 9604.8
1335 4 10000 9176.6
1335 5 10000 9232.9
1335 6 10000 10027.7
1335 7 10000 10017.8
1335 8 10000 9541.7
1335 9 10000 9393.8
1335 10 10000 9437.9
1360 0 10000 12934.5
1360 1 10000 8501.5
1360 2 10000 7626.2
1360 3 10000 9443.5
1360 4 10000 10075.6
1360 5 10000 9512.1
1360 6 10000 9744.7
1360 7 10000 8979.1
1360 8 10000 9806.1
1360 9 10000 9493.8
1360 10 10000 9061.2
1385 0 10000 12853.9
1385 1 10000 8698.7
1385 2 10000 7920.3
1385 3 10000 9699.7
1385 4 10000 9487.5
1385 5 10000 9741.0
1385 6 10000 9270.6
1385 7 10000 9409.6
1385 8 10000 9329.7
1385 9 10000 10030.0
1385 10 10000 10192.8
1410 0 10000 12880.2
1410 1 10000 8403.8
1410 2 10000 7813.9
1410 3 10000 9314.8
1410 4 10000 9666.4
1410 5 10000 9150.7
1410 6 10000 9821.5
1410 7 10000 9401.0
1410 8 10000 9316.5
1410 9 10000 9735.7
1410 10 10000 9218.9
1435 0 10000 13035.6
1435 1 10000 8458.4
1435 2 10000 7325.3
1435 3 10000 13905.7
1435 4 10000 9347.2
1435 5 10000 9040.0
1435 6 10000 9025.7
1435 7 10000 9549.2
1435 8 10000 11802.7
1435 9 10000 10988.7
1435 10 10000 10250.1
1460 0 10000 12964.3
1460 1 10000 8535.3
1460 2 10000 7640.2
1460 3 10000 9319.6
1460 4 10000 10114.4
1460 5 10000 10167.4
1460 6 10000 10396.0
1460 7 10000 10559.0
1460 8 10000 10095.2
1460 9 10000 10053.6
1460 10 10000 9303.8
1485 0 10000 13106.5
1485 1 10000 8477.2
1485 2 10000 7969.9
1485 3 10000 10096.5
1485 4 10000 10502.3
1485 5 10000 9814.0
1485 6 10000 10265.4
1485 7 10000 10346.2
1485 8 10000 10350.1
1485 9 10000 9912.5
1485 10 10000 9884.3
1510 0 10000 12938.6
1510 1 10000 8394.5
1510 2 10000 8035.8
1510 3 10000 9978.9
1510 4 10000 9894.1
1510 5 10000 10084.2
1510 6 10000 9562.3
1510 7 10000 10209.9
1510 8 10000 9946.8
1510 9 10000 9878.7
1510 10 10000 10238.1
1535 0 10000 14177.8
1535 1 10000 8812.3
1535 2 10000 8106.2
1535 3 10000 9862.8
1535 4 10000 10110.8
1535 5 10000 10860.7
1535 6 10000 9944.7
1535 7 10000 10287.3
1535 8 10000 9632.1
1535 9 10000 9896.7
1535 10 10000 9800.8
1560 0 10000 12862.7
1560 1 10000 8459.9
1560 2 10000 8055.9
1560 3 10000 9808.7
1560 4 10000 10044.6
1560 5 10000 10204.6
1560 6 10000 10118.7
1560 7 10000 10336.4
1560 8 10000 9960.1
1560 9 10000 9649.5
1560 10 10000 10818.2
1585 0 10000 12911.7
1585 1 10000 8419.2
1585 2 10000 10438.3
1585 3 10000 10304.9
1585 4 10000 10361.5
1585 5 10000 9395.1
1585 6 10000 10370.6
1585 7 10000 9195.7
1585 8 10000 9912.7
1585 9 10000 9758.0
1585 10 10000 10016.3
1610 0 10000 12867.6
1610 1 10000 8474.2
1610 2 10000 8048.9
1610 3 10000 9998.5
1610 4 10000 10317.8
1610 5 10000 9780.2
1610 6 10000 9410.8
1610 7 10000 10060.0
1610 8 10000 10293.2
1610 9 10000 9621.7
1610 10 10000 9979.5
1635 0 10000 12889.8
1635 1 10000 8524.0
1635 2 10000 8127.8
1635 3 10000 9816.6
1635 4 10000 10389.3
1635 5 10000 9848.6
1635 6 10000 10016.8
1635 7 10000 10254.7
1635 8 10000 9662.1
1635 9 10000 10075.9
1635 10 10000 9760.7
1660 0 10000 12850.0
1660 1 10000 8518.3
1660 2 10000 7556.6
1660 3 10000 10174.2
1660 4 10000 9968.4
1660 5 10000 10365.4
1660 6 10000 9908.9
1660 7 10000 9909.4
1660 8 10000 10445.3
1660 9 10000 10139.3
1660 10 10000 9912.7
1685 0 10000 12807.2
1685 1 10000 8480.5
1685 2 10000 7331.6
1685 3 10000 9689.9
1685 4 10000 10056.9
1685 5 10000 9724.1
1685 6 10000 10333.2
1685 7 10000 9969.7
1685 8 10000 10197.6
1685 9 10000 9938.9
1685 10 10000 9496.1
1710 0 10000 13014.2
1710 1 10000 8392.5
1710 2 10000 7927.6
1710 3 10000 9645.2
1710 4 10000 10319.0
1710 5 10000 10366.7
1710 6 10000 9989.9
1710 7 10000 10008.3
1710 8 10000 9923.2
1710 9 10000 9968.7
1710 10 10000 9784.7
1735 0 10000 13016.6
1735 1 10000 8433.6
1735 2 10000 7761.9
1735 3 10000 9785.4
1735 4 10000 10090.0
1735 5 10000 10118.5
1735 6 10000 10300.7
1735 7 10000 10032.4
1735 8 10000 9979.7
1735 9 10000 9369.3
1735 10 10000 10382.3
1760 0 10000 12950.5
1760 1 10000 8465.7
1760 2 10000 7707.0
1760 3 10000 9855.1
1760 4 10000 9987.4
1760 5 10000 9949.5
1760 6 10000 10101.4
1760 7 10000 9746.4
1760 8 10000 9953.1
1760 9 10000 9773.5
1760 10 10000 9466.7
1785 0 10000 12914.3
1785 1 10000 8362.6
1785 2 10000 7661.8
1785 3 10000 10181.5
1785 4 10000 10301.9
1785 5 10000 10050.4
1785 6 10000 10127.8
1785 7 10000 9956.8
1785 8 10000 10249.6
1785 9 10000 9924.2
1785 10 10000 9735.8
1810 0 10000 12890.4
1810 1 10000 8518.0
1810 2 10000 7613.5
1810 3 10000 10204.0
1810 4 10000 10084.6
1810 5 10000 10342.4
1810 6 10000 10317.1
1810 7 10000 10680.3
1810 8 10000 10862.3
1810 9 10000 10114.0
1810 10 10000 9935.2
1835 0 10000 12902.0
1835 1 10000 8545.8
1835 2 10000 8692.3
1835 3 10000 9918.4
1835 4 10000 10969.7
1835 5 10000 9900.0
1835 6 10000 9661.8
1835 7 10000 10419.1
1835 8 10000 10048.5
1835 9 10000 9898.8
1835 10 10000 10091.9
1860 0 10000 13051.2
1860 1 10000 8473.0
1860 2 10000 8147.7
1860 3 10000 10061.8
1860 4 10000 10043.3
1860 5 10000 10221.7
1860 6 10000 9827.6
1860 7 10000 10128.2
1860 8 10000 10648.3
1860 9 10000 10038.1
1860 10 10000 9894.9
1885 0 10000 12952.5
1885 1 10000 8608.1
1885 2 10000 8136.5
1885 3 10000 9524.0
1885 4 10000 10082.9
1885 5 10000 10398.3
1885 6 10000 10435.9
1885 7 10000 10340.9
1885 8 10000 10172.6
1885 9 10000 9574.1
1885 10 10000 9761.6
1910 0 10000 12951.2
1910 1 10000 8465.3
1910 2 10000 7813.2
1910 3 10000 10590.7
1910 4 10000 10310.6
1910 5 10000 10232.4
1910 6 10000 10429.6
1910 7 10000 10411.2
1910 8 10000 10392.1
1910 9 10000 9736.8
1910 10 10000 10282.8
1935 0 10000 13080.3
1935 1 10000 8529.5
1935 2 10000 8601.4
1935 3 10000 10421.2
1935 4 10000 9422.2
1935 5 10000 10284.9
1935 6 10000 9687.6
1935 7 10000 10029.8
1935 8 10000 10486.6
1935 9 10000 10124.9
1935 10 10000 10088.0
1960 0 10000 12977.8
1960 1 10000 8917.4
1960 2 10000 8041.1
1960 3 10000 10159.1
1960 4 10000 10073.7
1960 5 10000 10306.5
1960 6 10000 9589.0
1960 7 10000 9970.7
1960 8 10000 10043.0
1960 9 10000 10069.6
1960 10 10000 10037.7
1985 0 10000 12978.7
1985 1 10000 8564.5
1985 2 10000 8115.9
1985 3 10000 9853.0
1985 4 10000 9740.7
1985 5 10000 10066.2
1985 6 10000 10089.4
1985 7 10000 10007.4
1985 8 10000 10018.1
1985 9 10000 10381.6
1985 10 10000 10439.8
2010 0 10000 13004.4
2010 1 10000 8439.7
2010 2 10000 7652.8
2010 3 10000 10527.0
2010 4 10000 9774.5
2010 5 10000 10125.2
2010 6 10000 9969.7
2010 7 10000 9931.6
2010 8 10000 10307.9
2010 9 10000 10730.3
2010 10 10000 10196.9
10 0 100000 51013.5
10 1 100000 93018.7
10 2 100000 81319.0
10 3 100000 78397.3
10 4 100000 83009.9
10 5 100000 91786.8
10 6 100000 109920.0
10 7 100000 146313.4
10 8 100000 237190.4
10 9 100000 395231.6
10 10 100000 682749.1
35 0 100000 25459.7
35 1 100000 26898.3
35 2 100000 25831.8
35 3 100000 28827.0
35 4 100000 35499.8
35 5 100000 45671.7
35 6 100000 69172.1
35 7 100000 117657.1
35 8 100000 198127.1
35 9 100000 364462.1
35 10 100000 636779.0
60 0 100000 22139.6
60 1 100000 18498.1
60 2 100000 17414.9
60 3 100000 20148.3
60 4 100000 28326.0
60 5 100000 39878.9
60 6 100000 66880.5
60 7 100000 110756.1
60 8 100000 196010.0
60 9 100000 356772.2
60 10 100000 692292.3
85 0 100000 22185.0
85 1 100000 18004.0
85 2 100000 17475.5
85 3 100000 20840.0
85 4 100000 27146.3
85 5 100000 40719.6
85 6 100000 64337.3
85 7 100000 114662.7
85 8 100000 197524.7
85 9 100000 355662.6
85 10 100000 665710.0
110 0 100000 22800.9
110 1 100000 15677.9
110 2 100000 13986.8
110 3 100000 18857.9
110 4 100000 26118.8
110 5 100000 44814.2
110 6 100000 68739.9
110 7 100000 110321.1
110 8 100000 207145.4
110 9 100000 361101.1
110 10 100000 681349.3
135 0 100000 22814.0
135 1 100000 15665.2
135 2 100000 14906.7
135 3 100000 18310.6
135 4 100000 25683.0
135 5 100000 38575.5
135 6 100000 63794.8
135 7 100000 113163.7
135 8 100000 198807.7
135 9 100000 349549.8
135 10 100000 685900.0
160 0 100000 22916.1
160 1 100000 15595.3
160 2 100000 14931.1
160 3 100000 18457.1
160 4 100000 26265.2
160 5 100000 37639.3
160 6 100000 65296.0
160 7 100000 110617.5
160 8 100000 196365.6
160 9 100000 360728.6
160 10 100000 667860.7
185 0 100000 22849.1
185 1 100000 15685.9
185 2 100000 14642.9
185 3 100000 18492.5
185 4 100000 26437.3
185 5 100000 38553.5
185 6 100000 64301.0
185 7 100000 110032.4
185 8 100000 195733.0
185 9 100000 360957.8
185 10 100000 682096.0
210 0 100000 28295.2
210 1 100000 17797.6
210 2 100000 13582.9
210 3 100000 19837.3
210 4 100000 28070.4
210 5 100000 39490.5
210 6 100000 65469.6
210 7 100000 110872.4
210 8 100000 198362.1
210 9 100000 369741.2
210 10 100000 357829.0
235 0 100000 28403.2
235 1 100000 17935.8
235 2 100000 14908.6
235 3 100000 19479.9
235 4 100000 28513.5
235 5 100000 39455.1
235 6 100000 65540.4
235 7 100000 109316.9
235 8 100000 193963.8
235 9 100000 365775.1
235 10 100000 359554.0
260 0 100000 28397.0
260 1 100000 17664.9
260 2 100000 14258.4
260 3 100000 19321.9
260 4 100000 28182.2
260 5 100000 40069.7
260 6 100000 65472.5
260 7 100000 111479.3
260 8 100000 196724.4
260 9 100000 369117.9
260 10 100000 359155.7
285 0 100000 28310.6
285 1 100000 17678.4
285 2 100000 14002.2
285 3 100000 19169.5
285 4 100000 28498.7
285 5 100000 39103.4
285 6 100000 64082.4
285 7 100000 112597.7
285 8 100000 200278.7
285 9 100000 374409.5
285 10 100000 361425.9
310 0 100000 28426.1
310 1 100000 17591.5
310 2 100000 14371.3
310 3 100000 19406.5
310 4 100000 29239.8
310 5 100000 40076.8
310 6 100000 64414.3
310 7 100000 112367.9
310 8 100000 197831.0
310 9 100000 369061.7
310 10 100000 350443.0
335 0 100000 28367.5
335 1 100000 17940.3
335 2 100000 15152.2
335 3 100000 19887.1
335 4 100000 27553.4
335 5 100000 38855.8
335 6 100000 65839.0
335 7 100000 115062.6
335 8 100000 202729.5
335 9 100000 347843.5
335 10 100000 350967.5
360 0 100000 28304.2
360 1 100000 17749.0
360 2 100000 15334.8
360 3 100000 19879.4
360 4 100000 27445.3
360 5 100000 38590.2
360 6 100000 65107.3
360 7 100000 108928.3
360 8 100000 201083.7
360 9 100000 359778.0
360 10 100000 348531.2
385 0 100000 28218.5
385 1 100000 17743.3
385 2 100000 15373.2
385 3 100000 19299.1
385 4 100000 28617.5
385 5 100000 40413.5
385 6 100000 67763.4
385 7 100000 105562.2
385 8 100000 198657.2
385 9 100000 356883.2
385 10 100000 362237.0
410 0 100000 41546.7
410 1 100000 24173.3
410 2 100000 17411.8
410 3 100000 23640.2
410 4 100000 32249.0
410 5 100000 43581.7
410 6 100000 68818.0
410 7 100000 114381.1
410 8 100000 204487.0
410 9 100000 200210.9
410 10 100000 199454.4
435 0 100000 41412.1
435 1 100000 24291.5
435 2 100000 18409.1
435 3 100000 23973.9
435 4 100000 32164.8
435 5 100000 43205.2
435 6 100000 67469.3
435 7 100000 112810.2
435 8 100000 199705.2
435 9 100000 196610.2
435 10 100000 196167.2
460 0 100000 41371.6
460 1 100000 24334.1
460 2 100000 16947.8
460 3 100000 22666.8
460 4 100000 32978.6
460 5 100000 44261.4
460 6 100000 67442.5
460 7 100000 116347.4
460 8 100000 194151.7
460 9 100000 202072.4
460 10 100000 203868.2
485 0 100000 42018.1
485 1 100000 24820.3
485 2 100000 20717.6
485 3 100000 24965.2
485 4 100000 32816.3
485 5 100000 44296.9
485 6 100000 66579.2
485 7 100000 113298.7
485 8 100000 200433.3
485 9 100000 201172.3
485 10 100000 207070.1
510 0 100000 42269.8
510 1 100000 25936.8
510 2 100000 18842.3
510 3 100000 34934.4
510 4 100000 33197.7
510 5 100000 45451.8
510 6 100000 70252.4
510 7 100000 114866.7
510 8 100000 200051.0
510 9 100000 199228.8
510 10 100000 200336.6
535 0 100000 41446.1
535 1 100000 28408.3
535 2 100000 26451.1
535 3 100000 23647.1
535 4 100000 33240.0
535 5 100000 44568.5
535 6 100000 67279.5
535 7 100000 119545.9
535 8 100000 201149.0
535 9 100000 229024.5
535 10 100000 196325.7
560 0 100000 45278.8
560 1 100000 24303.7
560 2 100000 28703.4
560 3 100000 26315.7
560 4 100000 32352.5
560 5 100000 43345.8
560 6 100000 67720.1
560 7 100000 118540.9
560 8 100000 201120.7
560 9 100000 200702.9
560 10 100000 241387.7
585 0 100000 45074.5
585 1 100000 24281.1
585 2 100000 17294.6
585 3 100000 25426.2
585 4 100000 33428.6
585 5 100000 45684.1
585 6 100000 71611.6
585 7 100000 117035.9
585 8 100000 207647.7
585 9 100000 205837.6
585 10 100000 217432.5
610 0 100000 41786.9
610 1 100000 24914.8
610 2 100000 20154.7
610 3 100000 23829.9
610 4 100000 34961.6
610 5 100000 44706.1
610 6 100000 65891.3
610 7 100000 111795.4
610 8 100000 207361.7
610 9 100000 204120.7
610 10 100000 200079.7
635 0 100000 41543.6
635 1 100000 24243.9
635 2 100000 18654.7
635 3 100000 29603.7
635 4 100000 36527.9
635 5 100000 46113.0
635 6 100000 69781.7
635 7 100000 115127.9
635 8 100000 195513.7
635 9 100000 196213.8
635 10 100000 201851.9
660 0 100000 41671.1
660 1 100000 24543.8
660 2 100000 17743.4
660 3 100000 24522.7
660 4 100000 32608.1
660 5 100000 42998.7
660 6 100000 69924.2
660 7 100000 116771.9
660 8 100000 209201.9
660 9 100000 198403.0
660 10 100000 193817.5
685 0 100000 42251.5
685 1 100000 24458.3
685 2 100000 18809.6
685 3 100000 24473.3
685 4 100000 32333.7
685 5 100000 42454.5
685 6 100000 68220.3
685 7 100000 114667.0
685 8 100000 201569.3
685 9 100000 201486.1
685 10 100000 205535.4
710 0 100000 41566.4
710 1 100000 24628.7
710 2 100000 18096.4
710 3 100000 23328.5
710 4 100000 32121.5
710 5 100000 42555.5
710 6 100000 69321.4
710 7 100000 117221.9
710 8 100000 200830.8
710 9 100000 192487.2
710 10 100000 197406.8
735 0 100000 41571.1
735 1 100000 24443.4
735 2 100000 17517.4
735 3 100000 23693.7
735 4 100000 31964.5
735 5 100000 29188.8
735 6 100000 37252.9
735 7 100000 53715.8
735 8 100000 98281.7
735 9 100000 101258.8
735 10 100000 92123.5
760 0 100000 41643.3
760 1 100000 24298.6
760 2 100000 17009.1
760 3 100000 21854.4
760 4 100000 25575.4
760 5 100000 27937.7
760 6 100000 35097.3
760 7 100000 53425.7
760 8 100000 98364.3
760 9 100000 91872.8
760 10 100000 103903.0
785 0 100000 69496.8
785 1 100000 38430.2
785 2 100000 24789.7
785 3 100000 30619.0
785 4 100000 33357.2
785 5 100000 37153.6
785 6 100000 44147.1
785 7 100000 58214.5
785 8 100000 55974.2
785 9 100000 56939.4
785 10 100000 56697.4
810 0 100000 69553.7
810 1 100000 38380.3
810 2 100000 25738.1
810 3 100000 29731.9
810 4 100000 33511.6
810 5 100000 37109.8
810 6 100000 42929.3
810 7 100000 56870.1
810 8 100000 56585.4
810 9 100000 56634.4
810 10 100000 78582.8
835 0 100000 74083.2
835 1 100000 47728.7
835 2 100000 24401.8
835 3 100000 30978.3
835 4 100000 34824.8
835 5 100000 36512.7
835 6 100000 46483.6
835 7 100000 150771.1
835 8 100000 99404.4
835 9 100000 110307.6
835 10 100000 134970.9
860 0 100000 72030.5
860 1 100000 40254.5
860 2 100000 26413.1
860 3 100000 33529.6
860 4 100000 45660.7
860 5 100000 53625.7
860 6 100000 75696.1
860 7 100000 125684.9
860 8 100000 115678.8
860 9 100000 117476.0
860 10 100000 125674.4
885 0 100000 70815.9
885 1 100000 39482.2
885 2 100000 26715.9
885 3 100000 34045.2
885 4 100000 42140.5
885 5 100000 51330.7
885 6 100000 79186.2
885 7 100000 123979.0
885 8 100000 121080.2
885 9 100000 122019.1
885 10 100000 126368.0
910 0 100000 71115.8
910 1 100000 40792.5
910 2 100000 25005.7
910 3 100000 30212.9
910 4 100000 37819.8
910 5 100000 48001.4
910 6 100000 68494.3
910 7 100000 114770.7
910 8 100000 114661.2
910 9 100000 118497.3
910 10 100000 119557.6
935 0 100000 69768.9
935 1 100000 38727.4
935 2 100000 26253.5
935 3 100000 29328.6
935 4 100000 38440.1
935 5 100000 51770.3
935 6 100000 74646.5
935 7 100000 118188.3
935 8 100000 116662.9
935 9 100000 111556.4
935 10 100000 117739.8
960 0 100000 69465.8
960 1 100000 38486.1
960 2 100000 24568.7
960 3 100000 31458.0
960 4 100000 40397.4
960 5 100000 51659.1
960 6 100000 73868.8
960 7 100000 117577.0
960 8 100000 122521.9
960 9 100000 119911.9
960 10 100000 114946.7
985 0 100000 69331.6
985 1 100000 38664.2
985 2 100000 25661.8
985 3 100000 31159.4
985 4 100000 40310.6
985 5 100000 51370.9
985 6 100000 72028.7
985 7 100000 118356.4
985 8 100000 122492.3
985 9 100000 115320.8
985 10 100000 118467.4
1010 0 100000 69683.4
1010 1 100000 38386.2
1010 2 100000 25216.8
1010 3 100000 31075.1
1010 4 100000 40290.8
1010 5 100000 50617.3
1010 6 100000 75048.7
1010 7 100000 119331.5
1010 8 100000 119292.7
1010 9 100000 118227.1
1010 10 100000 117412.6
1035 0 100000 69475.2
1035 1 100000 38525.8
1035 2 100000 24834.5
1035 3 100000 33447.3
1035 4 100000 41773.3
1035 5 100000 50731.9
1035 6 100000 73619.4
1035 7 100000 122232.9
1035 8 100000 118040.5
1035 9 100000 119188.2
1035 10 100000 117018.6
1060 0 100000 69499.5
1060 1 100000 38540.0
1060 2 100000 25299.7
1060 3 100000 32171.3
1060 4 100000 40903.7
1060 5 100000 49883.8
1060 6 100000 72713.1
1060 7 100000 119154.2
1060 8 100000 116684.4
1060 9 100000 116969.5
1060 10 100000 118886.8
1085 0 100000 69771.6
1085 1 100000 38352.7
1085 2 100000 25814.3
1085 3 100000 31948.0
1085 4 100000 41007.6
1085 5 100000 49781.3
1085 6 100000 75342.8
1085 7 100000 121074.8
1085 8 100000 119805.6
1085 9 100000 122753.9
1085 10 100000 115008.2
1110 0 100000 69776.4
1110 1 100000 38648.7
1110 2 100000 25991.5
1110 3 100000 30866.5
1110 4 100000 40546.0
1110 5 100000 51356.6
1110 6 100000 74849.8
1110 7 100000 118883.6
1110 8 100000 120227.9
1110 9 100000 115890.9
1110 10 100000 120865.6
1135 0 100000 69494.8
1135 1 100000 38915.0
1135 2 100000 25421.8
1135 3 100000 33017.6
1135 4 100000 40813.0
1135 5 100000 50490.3
1135 6 100000 74579.1
1135 7 100000 116918.3
1135 8 100000 117794.6
1135 9 100000 116515.7
1135 10 100000 119199.6
1160 0 100000 70318.7
1160 1 100000 38354.0
1160 2 100000 25966.0
1160 3 100000 32326.0
1160 4 100000 40774.0
1160 5 100000 50072.0
1160 6 100000 73403.7
1160 7 100000 117329.8
1160 8 100000 117254.0
1160 9 100000 115969.5
1160 10 100000 119569.0
1185 0 100000 69482.8
1185 1 100000 38541.8
1185 2 100000 24258.0
1185 3 100000 31662.9
1185 4 100000 39378.2
1185 5 100000 50008.1
1185 6 100000 73620.4
1185 7 100000 116529.9
1185 8 100000 111360.8
1185 9 100000 119445.9
1185 10 100000 117033.5
1210 0 100000 69391.0
1210 1 100000 38626.5
1210 2 100000 26211.9
1210 3 100000 31300.6
1210 4 100000 41276.9
1210 5 100000 50854.9
1210 6 100000 73952.0
1210 7 100000 117311.1
1210 8 100000 116589.5
1210 9 100000 117717.3
1210 10 100000 116386.5
1235 0 100000 69496.1
1235 1 100000 38776.8
1235 2 100000 26499.5
1235 3 100000 32600.1
1235 4 100000 41393.0
1235 5 100000 49898.7
1235 6 100000 73393.5
1235 7 100000 116676.1
1235 8 100000 113061.4
1235 9 100000 113957.9
1235 10 100000 115380.5
1260 0 100000 69390.7
1260 1 100000 38702.2
1260 2 100000 25831.3
1260 3 100000 33017.7
1260 4 100000 41577.9
1260 5 100000 50464.2
1260 6 100000 73550.6
1260 7 100000 118176.3
1260 8 100000 118378.7
1260 9 100000 121925.7
1260 10 100000 117585.9
1285 0 100000 69528.6
1285 1 100000 38454.3
1285 2 100000 25189.7
1285 3 100000 31304.3
1285 4 100000 41072.5
1285 5 100000 52437.2
1285 6 100000 73633.0
1285 7 100000 115700.5
1285 8 100000 119700.3
1285 9 100000 120069.2
1285 10 100000 121819.0
1310 0 100000 69646.1
1310 1 100000 38475.8
1310 2 100000 25620.5
1310 3 100000 33053.1
1310 4 100000 41142.2
1310 5 100000 50023.9
1310 6 100000 75461.6
1310 7 100000 116716.3
1310 8 100000 115950.1
1310 9 100000 117261.8
1310 10 100000 114584.0
1335 0 100000 70437.2
1335 1 100000 38592.1
1335 2 100000 27126.2
1335 3 100000 32695.8
1335 4 100000 40322.4
1335 5 100000 47880.6
1335 6 100000 74487.2
1335 7 100000 118529.2
1335 8 100000 116188.7
1335 9 100000 117947.0
1335 10 100000 115893.2
1360 0 100000 69569.6
1360 1 100000 38531.2
1360 2 100000 25421.4
1360 3 100000 33264.5
1360 4 100000 40322.0
1360 5 100000 51413.4
1360 6 100000 73567.6
1360 7 100000 115617.8
1360 8 100000 115113.9
1360 9 100000 116880.3
1360 10 100000 120272.5
1385 0 100000 69592.8
1385 1 100000 38579.5
1385 2 100000 25500.9
1385 3 100000 31216.3
1385 4 100000 40396.9
1385 5 100000 50931.9
1385 6 100000 74006.1
1385 7 100000 118316.5
1385 8 100000 119374.5
1385 9 100000 117982.0
1385 10 100000 119604.7
1410 0 100000 69791.9
1410 1 100000 38902.0
1410 2 100000 25603.3
1410 3 100000 31698.1
1410 4 100000 40662.2
1410 5 100000 52103.7
1410 6 100000 72432.0
1410 7 100000 119745.4
1410 8 100000 116047.0
1410 9 100000 116904.9
1410 10 100000 120787.9
1435 0 100000 69499.2
1435 1 100000 38819.6
1435 2 100000 26353.2
1435 3 100000 33229.6
1435 4 100000 39970.2
1435 5 100000 51312.3
1435 6 100000 75358.9
1435 7 100000 118220.1
1435 8 100000 116415.6
1435 9 100000 118054.7
1435 10 100000 117592.1
1460 0 100000 69575.1
1460 1 100000 38542.8
1460 2 100000 26594.0
1460 3 100000 31388.1
1460 4 100000 39897.8
1460 5 100000 50650.1
1460 6 100000 73629.0
1460 7 100000 119989.7
1460 8 100000 118589.5
1460 9 100000 119928.6
1460 10 100000 117447.3
1485 0 100000 69798.1
1485 1 100000 38516.2
1485 2 100000 24806.2
1485 3 100000 31726.1
1485 4 100000 41261.1
1485 5 100000 50675.7
1485 6 100000 72106.5
1485 7 100000 115556.7
1485 8 100000 115898.0
1485 9 100000 116950.7
1485 10 100000 116352.9
1510 0 100000 69429.6
1510 1 100000 38437.1
1510 2 100000 24664.1
1510 3 100000 29591.0
1510 4 100000 34564.4
1510 5 100000 38152.8
1510 6 100000 44349.8
1510 7 100000 60491.5
1510 8 100000 57437.0
1510 9 100000 57364.1
1510 10 100000 54760.8
1535 0 100000 69348.8
1535 1 100000 38553.6
1535 2 100000 25028.5
1535 3 100000 31106.7
1535 4 100000 33696.1
1535 5 100000 36573.3
1535 6 100000 44274.5
1535 7 100000 57618.7
1535 8 100000 58020.8
1535 9 100000 55214.2
1535 10 100000 56300.1
1560 0 100000 69667.6
1560 1 100000 38596.5
1560 2 100000 26009.0
1560 3 100000 41341.9
1560 4 100000 41389.1
1560 5 100000 56330.7
1560 6 100000 47763.8
1560 7 100000 86431.5
1560 8 100000 89640.4
1560 9 100000 86555.4
1560 10 100000 90151.0
1585 0 100000 127693.8
1585 1 100000 71969.3
1585 2 100000 47106.5
1585 3 100000 48010.3
1585 4 100000 50006.5
1585 5 100000 55445.0
1585 6 100000 74749.8
1585 7 100000 71907.3
1585 8 100000 76801.8
1585 9 100000 76781.5
1585 10 100000 89545.0
1610 0 100000 129499.5
1610 1 100000 68463.5
1610 2 100000 41111.1
1610 3 100000 46958.0
1610 4 100000 56886.3
1610 5 100000 66471.1
1610 6 100000 85334.9
1610 7 100000 85353.9
1610 8 100000 85961.7
1610 9 100000 88143.2
1610 10 100000 84059.9
1635 0 100000 127543.7
1635 1 100000 67700.5
1635 2 100000 40042.8
1635 3 100000 49982.5
1635 4 100000 57119.3
1635 5 100000 66972.4
1635 6 100000 81202.7
1635 7 100000 83262.0
1635 8 100000 88482.6
1635 9 100000 83140.0
1635 10 100000 86150.0
1660 0 100000 128274.5
1660 1 100000 67515.8
1660 2 100000 40594.5
1660 3 100000 48192.5
1660 4 100000 58821.9
1660 5 100000 64321.4
1660 6 100000 85222.6
1660 7 100000 84884.7
1660 8 100000 82764.5
1660 9 100000 87021.6
1660 10 100000 84649.6
1685 0 100000 126936.9
1685 1 100000 67313.0
1685 2 100000 41492.2
1685 3 100000 49607.2
1685 4 100000 57550.5
1685 5 100000 65290.1
1685 6 100000 84774.4
1685 7 100000 86363.6
1685 8 100000 85702.3
1685 9 100000 85136.5
1685 10 100000 84098.5
1710 0 100000 126624.0
1710 1 100000 67475.8
1710 2 100000 40322.4
1710 3 100000 48221.9
1710 4 100000 58205.4
1710 5 100000 66591.1
1710 6 100000 85167.0
1710 7 100000 84051.7
1710 8 100000 83601.9
1710 9 100000 84785.2
1710 10 100000 85040.7
1735 0 100000 127307.6
1735 1 100000 66989.3
1735 2 100000 40452.2
1735 3 100000 47899.4
1735 4 100000 57636.3
1735 5 100000 65306.4
1735 6 100000 88426.2
1735 7 100000 84764.1
1735 8 100000 85813.2
1735 9 100000 82649.5
1735 10 100000 84169.0
1760 0 100000 126729.1
1760 1 100000 67331.8
1760 2 100000 41419.4
1760 3 100000 48891.2
1760 4 100000 56611.1
1760 5 100000 65623.8
1760 6 100000 84633.9
1760 7 100000 85282.6
1760 8 100000 84115.9
1760 9 100000 83844.2
1760 10 100000 86007.9
1785 0 100000 126684.5
1785 1 100000 67520.3
1785 2 100000 40321.7
1785 3 100000 49646.4
1785 4 100000 58935.3
1785 5 100000 65224.8
1785 6 100000 86050.0
1785 7 100000 85606.3
1785 8 100000 85422.6
1785 9 100000 84347.4
1785 10 100000 85395.5
1810 0 100000 126677.7
1810 1 100000 67337.7
1810 2 100000 40731.9
1810 3 100000 50274.7
1810 4 100000 56922.1
1810 5 100000 67539.0
1810 6 100000 85990.7
1810 7 100000 86623.1
1810 8 100000 84377.5
1810 9 100000 81658.6
1810 10 100000 84593.5
1835 0 100000 126874.2
1835 1 100000 67480.3
1835 2 100000 40926.4
1835 3 100000 49101.6
1835 4 100000 57508.0
1835 5 100000 66999.0
1835 6 100000 86658.6
1835 7 100000 84589.9
1835 8 100000 85966.0
1835 9 100000 84555.5
1835 10 100000 83327.8
1860 0 100000 127397.9
1860 1 100000 67440.2
1860 2 100000 40299.9
1860 3 100000 49792.6
1860 4 100000 58757.6
1860 5 100000 64532.8
1860 6 100000 84355.4
1860 7 100000 83385.6
1860 8 100000 85574.8
1860 9 100000 85414.4
1860 10 100000 86129.2
1885 0 100000 127032.8
1885 1 100000 67475.5
1885 2 100000 40338.3
1885 3 100000 49356.5
1885 4 100000 56986.4
1885 5 100000 66543.6
1885 6 100000 85786.0
1885 7 100000 85965.5
1885 8 100000 87046.0
1885 9 100000 85804.4
1885 10 100000 84166.5
1910 0 100000 126869.0
1910 1 100000 67328.6
1910 2 100000 40177.9
1910 3 100000 48913.7
1910 4 100000 58196.0
1910 5 100000 65255.8
1910 6 100000 86096.2
1910 7 100000 85527.1
1910 8 100000 86280.4
1910 9 100000 86532.4
1910 10 100000 86223.4
1935 0 100000 127312.2
1935 1 100000 67388.7
1935 2 100000 41135.3
1935 3 100000 48137.7
1935 4 100000 58413.6
1935 5 100000 65551.3
1935 6 100000 84022.4
1935 7 100000 86374.7
1935 8 100000 83882.2
1935 9 100000 61251.1
1935 10 100000 57656.3
1960 0 100000 126804.0
1960 1 100000 67240.9
1960 2 100000 40267.3
1960 3 100000 46866.5
1960 4 100000 51441.5
1960 5 100000 53618.4
1960 6 100000 59523.1
1960 7 100000 57910.5
1960 8 100000 58945.1
1960 9 100000 57429.1
1960 10 100000 56234.9
1985 0 100000 126643.3
1985 1 100000 67254.0
1985 2 100000 41131.6
1985 3 100000 47034.3
1985 4 100000 50321.4
1985 5 100000 52545.2
1985 6 100000 58316.5
1985 7 100000 59068.3
1985 8 100000 58496.5
1985 9 100000 59284.0
1985 10 100000 58682.0
2010 0 100000 126831.2
2010 1 100000 67002.5
2010 2 100000 40146.0
2010 3 100000 45671.9
2010 4 100000 88243.7
2010 5 100000 53217.7
2010 6 100000 57888.7
2010 7 100000 59610.0
2010 8 100000 60737.0
2010 9 100000 58629.3
2010 10 100000 58769.6
10 0 1000000 443221.6
10 1 1000000 699843.7
10 2 1000000 630900.3
10 3 1000000 571735.9
10 4 1000000 544927.3
10 5 1000000 532092.2
10 6 1000000 534392.8
10 7 1000000 544535.1
10 8 1000000 578331.0
10 9 1000000 689549.6
10 10 1000000 163086.0
35 0 1000000 235977.3
35 1 1000000 208037.6
35 2 1000000 190053.6
35 3 1000000 176027.1
35 4 1000000 170507.3
35 5 1000000 170204.1
35 6 1000000 180682.4
35 7 1000000 239800.1
35 8 1000000 314827.5
35 9 1000000 478138.9
35 10 1000000 752565.1
60 0 1000000 233673.8
60 1 1000000 204958.0
60 2 1000000 189606.8
60 3 1000000 176543.3
60 4 1000000 171090.7
60 5 1000000 169961.5
60 6 1000000 176435.5
60 7 1000000 218762.4
60 8 1000000 313626.6
60 9 1000000 500865.8
60 10 1000000 743641.1
85 0 1000000 217885.1
85 1 1000000 148814.6
85 2 1000000 121806.3
85 3 1000000 121931.1
85 4 1000000 127758.9
85 5 1000000 148923.3
85 6 1000000 181601.2
85 7 1000000 227548.6
85 8 1000000 327195.6
85 9 1000000 477007.8
85 10 1000000 783219.8
110 0 1000000 215205.2
110 1 1000000 146707.6
110 2 1000000 124855.8
110 3 1000000 123377.2
110 4 1000000 133082.1
110 5 1000000 150922.2
110 6 1000000 187438.9
110 7 1000000 234668.9
110 8 1000000 328019.1
110 9 1000000 483151.1
110 10 1000000 778814.0
135 0 1000000 238052.0
135 1 1000000 141998.6
135 2 1000000 100476.0
135 3 1000000 107717.8
135 4 1000000 119540.5
135 5 1000000 138478.3
135 6 1000000 168802.3
135 7 1000000 220783.2
135 8 1000000 364374.3
135 9 1000000 521886.8
135 10 1000000 769541.4
160 0 1000000 236389.6
160 1 1000000 141248.3
160 2 1000000 100055.3
160 3 1000000 109704.9
160 4 1000000 123668.2
160 5 1000000 138035.1
160 6 1000000 168817.5
160 7 1000000 225286.6
160 8 1000000 305905.3
160 9 1000000 472450.0
160 10 1000000 791381.3
185 0 1000000 238328.8
185 1 1000000 142718.3
185 2 1000000 102028.5
185 3 1000000 108878.6
185 4 1000000 118896.2
185 5 1000000 139425.0
185 6 1000000 169878.3
185 7 1000000 219856.6
185 8 1000000 315100.4
185 9 1000000 468048.5
185 10 1000000 783500.9
210 0 1000000 237910.7
210 1 1000000 142947.6
210 2 1000000 100975.3
210 3 1000000 110306.8
210 4 1000000 118870.2
210 5 1000000 138889.2
210 6 1000000 166722.3
210 7 1000000 224005.0
210 8 1000000 312302.7
210 9 1000000 463116.7
210 10 1000000 773576.0
235 0 1000000 238894.2
235 1 1000000 143491.7
235 2 1000000 102806.3
235 3 1000000 107691.1
235 4 1000000 121123.2
235 5 1000000 137989.4
235 6 1000000 167643.3
235 7 1000000 222996.2
235 8 1000000 308734.1
235 9 1000000 473301.8
235 10 1000000 777768.2
260 0 1000000 311908.8
260 1 1000000 175150.1
260 2 1000000 113479.2
260 3 1000000 124529.7
260 4 1000000 135394.5
260 5 1000000 152579.7
260 6 1000000 183787.4
260 7 1000000 235572.5
260 8 1000000 316326.6
260 9 1000000 482424.1
260 10 1000000 778500.1
285 0 1000000 312213.5
285 1 1000000 174114.7
285 2 1000000 111542.9
285 3 1000000 121183.6
285 4 1000000 124262.4
285 5 1000000 127282.0
285 6 1000000 135432.6
285 7 1000000 151498.2
285 8 1000000 182304.5
285 9 1000000 307541.6
285 10 1000000 516547.4
310 0 1000000 313282.4
310 1 1000000 174181.0
310 2 1000000 118873.0
310 3 1000000 120153.7
310 4 1000000 123968.9
310 5 1000000 126112.3
310 6 1000000 132520.0
310 7 1000000 147361.7
310 8 1000000 188338.0
310 9 1000000 311853.9
310 10 1000000 522478.9
335 0 1000000 311561.0
335 1 1000000 173995.0
335 2 1000000 110774.5
335 3 1000000 121178.5
335 4 1000000 124736.5
335 5 1000000 127674.2
335 6 1000000 131629.5
335 7 1000000 145243.3
335 8 1000000 196700.1
335 9 1000000 318178.3
335 10 1000000 523118.7
360 0 1000000 312551.5
360 1 1000000 174880.5
360 2 1000000 111072.4
360 3 1000000 123481.4
360 4 1000000 124671.6
360 5 1000000 127283.9
360 6 1000000 130214.9
360 7 1000000 148356.1
360 8 1000000 196762.1
360 9 1000000 322706.9
360 10 1000000 527073.9
385 0 1000000 312330.1
385 1 1000000 184185.6
385 2 1000000 115054.4
385 3 1000000 123498.7
385 4 1000000 121705.0
385 5 1000000 124189.7
385 6 1000000 132985.2
385 7 1000000 149290.3
385 8 1000000 200993.0
385 9 1000000 331758.9
385 10 1000000 519534.4
410 0 1000000 311240.7
410 1 1000000 174166.9
410 2 1000000 111081.0
410 3 1000000 119309.0
410 4 1000000 123506.2
410 5 1000000 122878.3
410 6 1000000 131963.9
410 7 1000000 147684.1
410 8 1000000 203063.2
410 9 1000000 341399.7
410 10 1000000 524199.0
435 0 1000000 312149.9
435 1 1000000 174175.9
435 2 1000000 115303.1
435 3 1000000 120497.1
435 4 1000000 124231.1
435 5 1000000 124986.9
435 6 1000000 130245.7
435 7 1000000 146739.9
435 8 1000000 222031.0
435 9 1000000 333423.8
435 10 1000000 527910.9
460 0 1000000 310755.6
460 1 1000000 173216.6
460 2 1000000 112738.6
460 3 1000000 119542.3
460 4 1000000 123714.7
460 5 1000000 126155.6
460 6 1000000 131001.1
460 7 1000000 157301.3
460 8 1000000 229544.8
460 9 1000000 336474.2
460 10 1000000 542910.3
485 0 1000000 310472.5
485 1 1000000 173076.4
485 2 1000000 110360.2
485 3 1000000 119223.0
485 4 1000000 122733.0
485 5 1000000 127056.8
485 6 1000000 132474.2
485 7 1000000 153627.0
485 8 1000000 230325.8
485 9 1000000 344970.9
485 10 1000000 534038.0
510 0 1000000 481761.9
510 1 1000000 258479.7
510 2 1000000 155862.5
510 3 1000000 166694.6
510 4 1000000 170157.5
510 5 1000000 169112.0
510 6 1000000 174183.5
510 7 1000000 199423.4
510 8 1000000 278403.8
510 9 1000000 387963.4
510 10 1000000 589618.8
535 0 1000000 487246.1
535 1 1000000 258547.8
535 2 1000000 155330.8
535 3 1000000 168755.6
535 4 1000000 167556.2
535 5 1000000 169523.0
535 6 1000000 177231.9
535 7 1000000 210622.0
535 8 1000000 279894.5
535 9 1000000 388737.4
535 10 1000000 601899.0
560 0 1000000 482046.1
560 1 1000000 257977.8
560 2 1000000 159349.0
560 3 1000000 168760.6
560 4 1000000 167346.9
560 5 1000000 171211.6
560 6 1000000 192841.0
560 7 1000000 234124.2
560 8 1000000 303102.4
560 9 1000000 402530.5
560 10 1000000 625423.7
585 0 1000000 482318.6
585 1 1000000 258014.3
585 2 1000000 158047.4
585 3 1000000 167181.5
585 4 1000000 165777.3
585 5 1000000 172760.1
585 6 1000000 197831.0
585 7 1000000 232025.3
585 8 1000000 301067.6
585 9 1000000 407605.6
585 10 1000000 627864.9
610 0 1000000 480103.8
610 1 1000000 257039.7
610 2 1000000 153542.5
610 3 1000000 164138.2
610 4 1000000 166825.8
610 5 1000000 176794.7
610 6 1000000 183801.1
610 7 1000000 222404.5
610 8 1000000 283121.9
610 9 1000000 394605.0
610 10 1000000 595363.0
635 0 1000000 479925.8
635 1 1000000 256817.9
635 2 1000000 154533.6
635 3 1000000 165373.7
635 4 1000000 168145.3
635 5 1000000 168666.1
635 6 1000000 179426.6
635 7 1000000 224918.9
635 8 1000000 278642.7
635 9 1000000 397765.1
635 10 1000000 591410.0
660 0 1000000 480108.7
660 1 1000000 256892.8
660 2 1000000 153605.9
660 3 1000000 166128.1
660 4 1000000 167288.0
660 5 1000000 167378.6
660 6 1000000 181627.5
660 7 1000000 222470.8
660 8 1000000 307969.4
660 9 1000000 485905.2
660 10 1000000 743888.5
685 0 1000000 480141.2
685 1 1000000 256778.5
685 2 1000000 154490.4
685 3 1000000 164429.0
685 4 1000000 169105.4
685 5 1000000 167556.5
685 6 1000000 184839.8
685 7 1000000 243262.9
685 8 1000000 325599.3
685 9 1000000 486208.2
685 10 1000000 776022.7
710 0 1000000 480244.4
710 1 1000000 256699.8
710 2 1000000 153069.5
710 3 1000000 167951.2
710 4 1000000 167256.0
710 5 1000000 168891.5
710 6 1000000 188681.4
710 7 1000000 251293.5
710 8 1000000 342969.4
710 9 1000000 474457.7
710 10 1000000 778896.8
735 0 1000000 481070.1
735 1 1000000 257171.6
735 2 1000000 153040.7
735 3 1000000 166380.1
735 4 1000000 166057.8
735 5 1000000 173756.4
735 6 1000000 195670.5
735 7 1000000 249701.0
735 8 1000000 333352.1
735 9 1000000 497188.8
735 10 1000000 776134.4
760 0 1000000 480130.5
760 1 1000000 256969.1
760 2 1000000 154189.6
760 3 1000000 165508.3
760 4 1000000 164891.8
760 5 1000000 176363.7
760 6 1000000 211211.2
760 7 1000000 253416.9
760 8 1000000 344314.0
760 9 1000000 505067.1
760 10 1000000 800548.3
785 0 1000000 480119.6
785 1 1000000 256954.4
785 2 1000000 155132.4
785 3 1000000 164204.2
785 4 1000000 167543.5
785 5 1000000 180939.2
785 6 1000000 217515.9
785 7 1000000 267470.7
785 8 1000000 352486.2
785 9 1000000 519567.6
785 10 1000000 792682.1
810 0 1000000 480366.4
810 1 1000000 257055.6
810 2 1000000 154741.8
810 3 1000000 165151.9
810 4 1000000 171749.7
810 5 1000000 189164.0
810 6 1000000 221667.3
810 7 1000000 267363.0
810 8 1000000 351406.2
810 9 1000000 517009.8
810 10 1000000 779777.8
835 0 1000000 480425.0
835 1 1000000 256977.1
835 2 1000000 154232.4
835 3 1000000 168253.7
835 4 1000000 175213.8
835 5 1000000 189534.6
835 6 1000000 221404.3
835 7 1000000 271159.5
835 8 1000000 348825.2
835 9 1000000 516554.2
835 10 1000000 798949.8
860 0 1000000 480156.4
860 1 1000000 256891.1
860 2 1000000 155001.1
860 3 1000000 169296.4
860 4 1000000 174823.9
860 5 1000000 192131.4
860 6 1000000 218777.6
860 7 1000000 268487.3
860 8 1000000 353354.3
860 9 1000000 510653.1
860 10 1000000 783758.5
885 0 1000000 480341.8
885 1 1000000 256875.9
885 2 1000000 155430.3
885 3 1000000 164383.3
885 4 1000000 173218.0
885 5 1000000 186259.8
885 6 1000000 216016.5
885 7 1000000 270080.4
885 8 1000000 348381.5
885 9 1000000 502827.0
885 10 1000000 798983.8
910 0 1000000 480907.5
910 1 1000000 256809.4
910 2 1000000 154849.7
910 3 1000000 166212.3
910 4 1000000 169921.6
910 5 1000000 189129.1
910 6 1000000 218445.3
910 7 1000000 259983.5
910 8 1000000 344017.7
910 9 1000000 494504.8
910 10 1000000 770086.9
935 0 1000000 480273.0
935 1 1000000 256696.6
935 2 1000000 153741.8
935 3 1000000 167827.1
935 4 1000000 167796.9
935 5 1000000 182403.9
935 6 1000000 212983.9
935 7 1000000 266075.7
935 8 1000000 344855.6
935 9 1000000 500095.5
935 10 1000000 796659.2
960 0 1000000 480457.6
960 1 1000000 256764.2
960 2 1000000 154041.0
960 3 1000000 166809.5
960 4 1000000 171401.0
960 5 1000000 188283.2
960 6 1000000 217660.3
960 7 1000000 268034.5
960 8 1000000 348295.9
960 9 1000000 503882.7
960 10 1000000 814930.2
985 0 1000000 834745.3
985 1 1000000 433465.5
985 2 1000000 251346.0
985 3 1000000 269028.6
985 4 1000000 271024.2
985 5 1000000 281616.3
985 6 1000000 309178.0
985 7 1000000 373789.6
985 8 1000000 439025.2
985 9 1000000 652954.0
985 10 1000000 859401.5
1010 0 1000000 834243.1
1010 1 1000000 434095.7
1010 2 1000000 248276.0
1010 3 1000000 264845.9
1010 4 1000000 267342.1
1010 5 1000000 278748.3
1010 6 1000000 307467.0
1010 7 1000000 355553.8
1010 8 1000000 433564.4
1010 9 1000000 591958.8
1010 10 1000000 881131.3
1035 0 1000000 833362.9
1035 1 1000000 434095.3
1035 2 1000000 248948.8
1035 3 1000000 262773.5
1035 4 1000000 266274.6
1035 5 1000000 280835.8
1035 6 1000000 310250.3
1035 7 1000000 351433.3
1035 8 1000000 445792.0
1035 9 1000000 603228.1
1035 10 1000000 846171.8
1060 0 1000000 833735.4
1060 1 1000000 433199.9
1060 2 1000000 248887.5
1060 3 1000000 262835.6
1060 4 1000000 270633.9
1060 5 1000000 281177.9
1060 6 1000000 313284.0
1060 7 1000000 352844.6
1060 8 1000000 441831.2
1060 9 1000000 595002.2
1060 10 1000000 876325.5
1085 0 1000000 842741.2
1085 1 1000000 434624.2
1085 2 1000000 250440.4
1085 3 1000000 264861.5
1085 4 1000000 268833.5
1085 5 1000000 281651.6
1085 6 1000000 311944.9
1085 7 1000000 359296.3
1085 8 1000000 438819.8
1085 9 1000000 595505.4
1085 10 1000000 865973.4
1110 0 1000000 834589.7
1110 1 1000000 435003.6
1110 2 1000000 254095.0
1110 3 1000000 267343.7
1110 4 1000000 269039.1
1110 5 1000000 280886.0
1110 6 1000000 310040.9
1110 7 1000000 356756.0
1110 8 1000000 435746.2
1110 9 1000000 589310.6
1110 10 1000000 863676.0
1135 0 1000000 832822.5
1135 1 1000000 433297.1
1135 2 1000000 247452.8
1135 3 1000000 265750.7
1135 4 1000000 268776.4
1135 5 1000000 284200.0
1135 6 1000000 307883.0
1135 7 1000000 354178.8
1135 8 1000000 434204.9
1135 9 1000000 588047.4
1135 10 1000000 881360.7
1160 0 1000000 833569.5
1160 1 1000000 433895.3
1160 2 1000000 248701.3
1160 3 1000000 265214.6
1160 4 1000000 271833.2
1160 5 1000000 279529.9
1160 6 1000000 310655.2
1160 7 1000000 358040.3
1160 8 1000000 441074.3
1160 9 1000000 601265.5
1160 10 1000000 853051.7
1185 0 1000000 832926.7
1185 1 1000000 433635.2
1185 2 1000000 251125.6
1185 3 1000000 264124.0
1185 4 1000000 270846.5
1185 5 1000000 284154.4
1185 6 1000000 309272.6
1185 7 1000000 352437.1
1185 8 1000000 429774.0
1185 9 1000000 592403.0
1185 10 1000000 860748.6
1210 0 1000000 832802.0
1210 1 1000000 433615.1
1210 2 1000000 249387.5
1210 3 1000000 262814.3
1210 4 1000000 270444.1
1210 5 1000000 281417.1
1210 6 1000000 311217.0
1210 7 1000000 352341.3
1210 8 1000000 436927.9
1210 9 1000000 581513.2
1210 10 1000000 875926.6
1235 0 1000000 832803.6
1235 1 1000000 434099.6
1235 2 1000000 248003.8
1235 3 1000000 265700.4
1235 4 1000000 272260.4
1235 5 1000000 280915.8
1235 6 1000000 313398.8
1235 7 1000000 357281.5
1235 8 1000000 435691.8
1235 9 1000000 595800.2
1235 10 1000000 871850.5
1260 0 1000000 833701.8
1260 1 1000000 433346.7
1260 2 1000000 247785.0
1260 3 1000000 269169.2
1260 4 1000000 269311.2
1260 5 1000000 280655.5
1260 6 1000000 312145.2
1260 7 1000000 356033.2
1260 8 1000000 443019.6
1260 9 1000000 597253.7
1260 10 1000000 884791.8
1285 0 1000000 834012.9
1285 1 1000000 434867.4
1285 2 1000000 250849.9
1285 3 1000000 266515.4
1285 4 1000000 273524.9
1285 5 1000000 281813.7
1285 6 1000000 308429.5
1285 7 1000000 354360.0
1285 8 1000000 437674.3
1285 9 1000000 609149.3
1285 10 1000000 871304.3
1310 0 1000000 834563.0
1310 1 1000000 435458.0
1310 2 1000000 249401.2
1310 3 1000000 268449.8
1310 4 1000000 271520.6
1310 5 1000000 283052.2
1310 6 1000000 309862.1
1310 7 1000000 358547.4
1310 8 1000000 439702.5
1310 9 1000000 603914.5
1310 10 1000000 877584.3
1335 0 1000000 833911.7
1335 1 1000000 435224.1
1335 2 1000000 249235.8
1335 3 1000000 263874.0
1335 4 1000000 272588.2
1335 5 1000000 282137.2
1335 6 1000000 309040.8
1335 7 1000000 358445.4
1335 8 1000000 434020.2
1335 9 1000000 595400.7
1335 10 1000000 858721.3
1360 0 1000000 833633.2
1360 1 1000000 433248.4
1360 2 1000000 248559.9
1360 3 1000000 265901.4
1360 4 1000000 271866.6
1360 5 1000000 282442.0
1360 6 1000000 313456.7
1360 7 1000000 357531.4
1360 8 1000000 438212.9
1360 9 1000000 609688.1
1360 10 1000000 871634.7
1385 0 1000000 832945.6
1385 1 1000000 434393.4
1385 2 1000000 247555.6
1385 3 1000000 265182.2
1385 4 1000000 271035.5
1385 5 1000000 282567.3
1385 6 1000000 310245.5
1385 7 1000000 355416.3
1385 8 1000000 433577.8
1385 9 1000000 595895.7
1385 10 1000000 867544.3
1410 0 1000000 833695.3
1410 1 1000000 435405.3
1410 2 1000000 249917.5
1410 3 1000000 267454.7
1410 4 1000000 270445.1
1410 5 1000000 283687.3
1410 6 1000000 313431.5
1410 7 1000000 353937.6
1410 8 1000000 438036.8
1410 9 1000000 602017.1
1410 10 1000000 856392.0
1435 0 1000000 835374.8
1435 1 1000000 435652.6
1435 2 1000000 249731.4
1435 3 1000000 267332.9
1435 4 1000000 271409.5
1435 5 1000000 282077.0
1435 6 1000000 310911.9
1435 7 1000000 357411.4
1435 8 1000000 435528.4
1435 9 1000000 593905.4
1435 10 1000000 856566.3
1460 0 1000000 834412.8
1460 1 1000000 433801.7
1460 2 1000000 249262.4
1460 3 1000000 265258.5
1460 4 1000000 269830.1
1460 5 1000000 281369.8
1460 6 1000000 310104.3
1460 7 1000000 355541.8
1460 8 1000000 433315.0
1460 9 1000000 596602.1
1460 10 1000000 855601.1
1485 0 1000000 833965.9
1485 1 1000000 433879.6
1485 2 1000000 247838.3
1485 3 1000000 265144.9
1485 4 1000000 268626.9
1485 5 1000000 280188.3
1485 6 1000000 309783.4
1485 7 1000000 355067.1
1485 8 1000000 440942.5
1485 9 1000000 585983.5
1485 10 1000000 853334.5
1510 0 1000000 833170.3
1510 1 1000000 434017.3
1510 2 1000000 256887.4
1510 3 1000000 267263.6
1510 4 1000000 269612.9
1510 5 1000000 280658.8
1510 6 1000000 309037.4
1510 7 1000000 361219.0
1510 8 1000000 437438.9
1510 9 1000000 595751.6
1510 10 1000000 881985.0
1535 0 1000000 833891.5
1535 1 1000000 435041.2
1535 2 1000000 251247.9
1535 3 1000000 266818.8
1535 4 1000000 273244.0
1535 5 1000000 282518.7
1535 6 1000000 312893.1
1535 7 1000000 354835.1
1535 8 1000000 445185.6
1535 9 1000000 591220.4
1535 10 1000000 856656.7
1560 0 1000000 834961.8
1560 1 1000000 434769.4
1560 2 1000000 249785.7
1560 3 1000000 267983.2
1560 4 1000000 272277.3
1560 5 1000000 281814.2
1560 6 1000000 309687.1
1560 7 1000000 354095.8
1560 8 1000000 445278.4
1560 9 1000000 602858.6
1560 10 1000000 859041.8
1585 0 1000000 834602.9
1585 1 1000000 435217.0
1585 2 1000000 251385.1
1585 3 1000000 262646.7
1585 4 1000000 271383.6
1585 5 1000000 284840.0
1585 6 1000000 291458.4
1585 7 1000000 282354.6
1585 8 1000000 316218.3
1585 9 1000000 478223.0
1585 10 1000000 748333.9
1610 0 1000000 832716.7
1610 1 1000000 434035.7
1610 2 1000000 247800.5
1610 3 1000000 261201.8
1610 4 1000000 259740.6
1610 5 1000000 261225.6
1610 6 1000000 268645.7
1610 7 1000000 278286.8
1610 8 1000000 323841.5
1610 9 1000000 482350.8
1610 10 1000000 761117.6
1635 0 1000000 833335.4
1635 1 1000000 433673.0
1635 2 1000000 247800.0
1635 3 1000000 264459.4
1635 4 1000000 258675.3
1635 5 1000000 260480.4
1635 6 1000000 269290.6
1635 7 1000000 279840.2
1635 8 1000000 329099.0
1635 9 1000000 492156.8
1635 10 1000000 755970.7
1660 0 1000000 833431.5
1660 1 1000000 433773.6
1660 2 1000000 248133.2
1660 3 1000000 264765.7
1660 4 1000000 262250.2
1660 5 1000000 262170.0
1660 6 1000000 269106.1
1660 7 1000000 280706.9
1660 8 1000000 352320.8
1660 9 1000000 513135.1
1660 10 1000000 751691.2
1685 0 1000000 832389.9
1685 1 1000000 434274.3
1685 2 1000000 247953.7
1685 3 1000000 264454.7
1685 4 1000000 259576.5
1685 5 1000000 262146.1
1685 6 1000000 267565.1
1685 7 1000000 284769.2
1685 8 1000000 365651.4
1685 9 1000000 511748.5
1685 10 1000000 785506.8
1710 0 1000000 833168.5
1710 1 1000000 433955.8
1710 2 1000000 246827.1
1710 3 1000000 265650.2
1710 4 1000000 261684.5
1710 5 1000000 260070.4
1710 6 1000000 266489.4
1710 7 1000000 288740.3
1710 8 1000000 387530.0
1710 9 1000000 548594.4
1710 10 1000000 811990.8
1735 0 1000000 833932.5
1735 1 1000000 433376.1
1735 2 1000000 248485.6
1735 3 1000000 262989.4
1735 4 1000000 261225.2
1735 5 1000000 260269.6
1735 6 1000000 269585.1
1735 7 1000000 302326.8
1735 8 1000000 387588.0
1735 9 1000000 527815.6
1735 10 1000000 822701.3
1760 0 1000000 833596.7
1760 1 1000000 433726.7
1760 2 1000000 248227.5
1760 3 1000000 263878.9
1760 4 1000000 258993.0
1760 5 1000000 260617.9
1760 6 1000000 270265.8
1760 7 1000000 314477.6
1760 8 1000000 399742.9
1760 9 1000000 539151.9
1760 10 1000000 812524.7
1785 0 1000000 833601.8
1785 1 1000000 433913.4
1785 2 1000000 248082.9
1785 3 1000000 266947.0
1785 4 1000000 259471.5
1785 5 1000000 261132.6
1785 6 1000000 273808.6
1785 7 1000000 316827.7
1785 8 1000000 402858.9
1785 9 1000000 559360.0
1785 10 1000000 818824.9
1810 0 1000000 842578.8
1810 1 1000000 433990.0
1810 2 1000000 248150.3
1810 3 1000000 265395.1
1810 4 1000000 260734.7
1810 5 1000000 260854.9
1810 6 1000000 279610.0
1810 7 1000000 328136.3
1810 8 1000000 404124.5
1810 9 1000000 568121.7
1810 10 1000000 822629.4
1835 0 1000000 833019.8
1835 1 1000000 434126.7
1835 2 1000000 247609.7
1835 3 1000000 261125.1
1835 4 1000000 260563.5
1835 5 1000000 259670.8
1835 6 1000000 285775.4
1835 7 1000000 334694.8
1835 8 1000000 399402.4
1835 9 1000000 553621.4
1835 10 1000000 821847.8
1860 0 1000000 833699.5
1860 1 1000000 433504.3
1860 2 1000000 246962.5
1860 3 1000000 263561.1
1860 4 1000000 260724.5
1860 5 1000000 260389.7
1860 6 1000000 275752.2
1860 7 1000000 322939.0
1860 8 1000000 409267.0
1860 9 1000000 564296.9
1860 10 1000000 815687.8
1885 0 1000000 833134.8
1885 1 1000000 433242.2
1885 2 1000000 249668.6
1885 3 1000000 265787.3
1885 4 1000000 259416.0
1885 5 1000000 259643.2
1885 6 1000000 274471.0
1885 7 1000000 327863.3
1885 8 1000000 411481.6
1885 9 1000000 559972.6
1885 10 1000000 811615.5
1910 0 1000000 833196.0
1910 1 1000000 434201.0
1910 2 1000000 247374.6
1910 3 1000000 267296.0
1910 4 1000000 257672.7
1910 5 1000000 259850.8
1910 6 1000000 282114.5
1910 7 1000000 336386.6
1910 8 1000000 417936.6
1910 9 1000000 568820.4
1910 10 1000000 836789.8
1935 0 1000000 832867.3
1935 1 1000000 434100.8
1935 2 1000000 247400.6
1935 3 1000000 263666.0
1935 4 1000000 263104.6
1935 5 1000000 267615.9
1935 6 1000000 300352.8
1935 7 1000000 339446.8
1935 8 1000000 417194.9
1935 9 1000000 570889.1
1935 10 1000000 828585.3
1960 0 1000000 552831.1
1960 1 1000000 793511.0
1960 2 1000000 441013.6
1960 3 1000000 453323.9
1960 4 1000000 450280.5
1960 5 1000000 460567.2
1960 6 1000000 486433.9
1960 7 1000000 515449.3
1960 8 1000000 580101.1
1960 9 1000000 714015.9
1960 10 1000000 718325.3
1985 0 1000000 550021.5
1985 1 1000000 794502.5
1985 2 1000000 448891.6
1985 3 1000000 451976.2
1985 4 1000000 455201.5
1985 5 1000000 468844.6
1985 6 1000000 485062.8
1985 7 1000000 526256.7
1985 8 1000000 586769.3
1985 9 1000000 714075.1
1985 10 1000000 713758.7
2010 0 1000000 551267.3
2010 1 1000000 793460.4
2010 2 1000000 440168.2
2010 3 1000000 456903.5
2010 4 1000000 453257.7
2010 5 1000000 462929.5
2010 6 1000000 484189.9
2010 7 1000000 525951.0
2010 8 1000000 577188.8
2010 9 1000000 712530.8
2010 10 1000000 713159.0
