10.1769911504
17.6991150442
24.3362831858
29.203539823
33.6283185841
37.610619469
40.7079646018
43.8053097345
46.9026548673
49.5575221239
52.2123893805
54.4247787611
56.6371681416
58.407079646
60.1769911504
61.9469026549
63.7168141593
65.4867256637
67.2566371681
68.5840707965
69.9115044248
71.2389380531
72.5663716814
73.4513274336
74.3362831858
75.2212389381
76.1061946903
76.9911504425
77.8761061947
78.7610619469
79.6460176991
80.5309734513
81.4159292035
82.3008849558
83.185840708
84.0707964602
84.9557522124
85.3982300885
85.8407079646
86.2831858407
86.7256637168
87.1681415929
87.610619469
88.0530973451
88.4955752212
88.9380530973
89.3805309735
89.8230088496
90.2654867257
90.7079646018
91.1504424779
91.592920354
92.0353982301
92.4778761062
92.9203539823
93.3628318584
93.8053097345
94.2477876106
94.6902654867
95.1327433628
95.5752212389
96.017699115
96.4601769912
96.9026548673
97.3451327434
97.7876106195
98.2300884956
98.6725663717
99.1150442478
99.5575221239
100.0
