N std-stable-sort-int d0 d1 d2 d3 d4
50000 2 8 5 3 8 8
50000 2 8 5 4 5 7
50000 2 8 5 5 6 15
50000 2 8 5 5 6 8
50000 2 8 5 5 8 8
50000 2 8 5 6 5 10
50000 2 8 5 6 6 13
50000 2 8 5 7 7 9
50000 2 8 6 3 5 9
50000 2 8 6 4 6 10
50000 2 8 6 4 6 6
50000 2 8 6 4 6 6
50000 2 8 6 4 6 8
50000 2 8 6 4 7 12
50000 2 8 6 5 5 7
50000 2 8 6 5 6 8
50000 2 8 6 6 6 9
50000 2 8 8 6 6 8
100000 6 17 11 12 12 13
100000 6 17 11 6 10 12
100000 6 17 11 6 12 13
100000 6 17 11 7 10 11
100000 6 17 11 7 10 11
100000 6 17 11 7 10 13
100000 6 17 11 7 10 14
100000 6 17 11 7 10 15
100000 6 17 11 7 11 12
100000 6 17 11 7 12 12
100000 6 17 11 7 7 10
100000 6 17 11 7 9 11
100000 6 17 11 7 9 15
100000 6 17 11 9 9 12
100000 6 17 12 7 12 11
100000 6 17 12 7 13 14
100000 6 17 12 7 9 16
100000 6 18 11 7 10 17
150000 9 33 22 13 17 17
150000 9 33 22 13 18 16
150000 9 33 22 13 23 17
150000 9 33 22 13 24 19
150000 9 33 22 13 25 19
150000 9 33 22 13 26 23
150000 9 33 22 13 27 15
150000 9 33 22 14 17 20
150000 9 33 22 14 24 26
150000 9 33 22 17 25 19
150000 9 33 22 18 24 23
150000 9 33 22 19 19 24
150000 9 33 22 20 21 17
150000 9 33 22 23 22 19
150000 9 33 23 13 23 20
150000 9 33 23 13 26 19
150000 9 33 23 14 28 23
150000 9 34 22 14 18 20
200000 12 34 23 13 16 17
200000 12 34 23 13 18 18
200000 12 34 23 13 18 19
200000 12 34 23 13 20 19
200000 12 34 23 16 18 19
200000 12 34 23 16 19 20
200000 12 34 23 16 19 21
200000 12 34 23 17 18 18
200000 12 34 24 16 19 16
200000 12 35 23 13 18 19
200000 12 35 23 13 19 17
200000 12 35 23 13 20 20
200000 12 35 23 15 23 23
200000 12 35 23 17 17 20
200000 12 35 23 19 18 18
200000 12 35 25 13 17 17
200000 13 34 23 13 20 20
200000 13 34 23 15 18 20
250000 16 59 39 22 29 42
250000 16 60 39 22 30 47
250000 16 60 39 23 36 41
250000 16 60 39 23 36 51
250000 16 60 39 23 39 48
250000 16 60 40 22 28 32
250000 16 60 40 22 28 40
250000 16 60 40 22 30 41
250000 16 60 40 22 34 29
250000 16 60 40 22 43 29
250000 16 60 40 23 39 45
250000 16 60 40 23 40 41
250000 16 60 40 24 30 39
250000 16 60 40 24 33 28
250000 16 60 40 25 33 44
250000 16 60 40 27 29 29
250000 16 60 41 23 39 43
250000 16 61 40 22 39 39
300000 19 67 44 25 27 36
300000 19 67 44 25 29 46
300000 19 67 44 25 34 46
300000 19 67 44 26 31 46
300000 19 67 44 26 32 39
300000 19 67 44 26 36 33
300000 19 67 44 27 33 38
300000 19 67 44 28 30 38
300000 19 67 45 25 32 55
300000 19 67 45 28 28 43
300000 19 67 45 28 30 39
300000 19 67 45 39 34 31
300000 19 67 47 25 33 36
300000 19 68 44 31 34 41
300000 19 68 45 25 33 44
300000 19 70 44 25 50 42
300000 20 67 44 25 34 35
300000 20 67 45 25 33 31
350000 23 68 45 25 31 38
350000 23 68 45 25 32 32
350000 23 68 45 25 32 35
350000 23 68 45 25 32 37
350000 23 68 45 25 33 40
350000 23 68 45 25 35 44
350000 23 68 45 26 32 41
350000 23 68 45 28 31 34
350000 23 68 45 29 34 39
350000 23 68 45 30 30 37
350000 23 68 45 32 31 34
350000 23 68 46 25 28 46
350000 23 68 46 25 30 43
350000 23 69 45 25 30 32
350000 23 69 45 28 30 37
350000 23 69 45 29 35 56
350000 23 69 46 27 30 34
350000 23 71 45 39 33 37
400000 26 71 47 27 34 38
400000 27 71 47 26 32 37
400000 27 71 47 26 33 37
400000 27 71 47 26 33 46
400000 27 71 47 26 36 42
400000 27 71 47 26 37 35
400000 27 71 47 27 31 39
400000 27 71 47 27 31 43
400000 27 71 47 27 32 36
400000 27 71 47 27 36 40
400000 27 71 47 27 36 53
400000 27 71 47 28 37 42
400000 27 71 48 28 32 48
400000 27 71 48 38 33 46
400000 27 72 47 27 32 45
400000 27 72 47 27 33 47
400000 27 72 47 35 31 43
400000 27 72 47 41 33 51
450000 30 96 64 36 38 50
450000 30 96 65 37 47 50
450000 30 97 64 36 41 54
450000 30 97 64 36 43 53
450000 30 97 64 36 44 50
450000 30 97 64 36 45 52
450000 30 97 64 36 46 59
450000 30 97 64 37 40 54
450000 30 97 64 40 44 47
450000 30 97 64 41 53 53
450000 30 97 64 42 55 65
450000 30 97 65 36 45 50
450000 30 97 65 41 40 50
450000 30 97 65 44 44 57
450000 30 98 64 49 43 59
450000 30 98 65 36 43 58
450000 30 99 64 36 49 58
450000 31 98 64 38 47 55
500000 34 122 81 45 60 61
500000 34 123 81 45 47 62
500000 34 123 81 45 50 67
500000 34 123 81 45 52 60
500000 34 123 81 45 53 60
500000 34 123 81 45 56 59
500000 34 123 81 45 59 63
500000 34 123 81 46 48 62
500000 34 123 81 46 65 60
500000 34 123 81 53 66 59
500000 34 123 81 60 53 63
500000 34 123 82 46 47 54
500000 34 123 89 51 60 64
500000 34 124 81 45 55 64
500000 34 124 81 45 60 59
500000 34 124 82 46 59 69
500000 34 124 82 47 57 56
500000 34 132 85 47 53 59
550000 37 137 90 51 57 71
550000 37 137 93 51 62 84
550000 37 138 90 57 60 70
550000 37 138 91 51 56 59
550000 37 138 91 51 66 61
550000 37 139 92 54 57 63
550000 37 140 90 52 61 60
550000 38 137 91 51 55 82
550000 38 137 91 53 61 63
550000 38 138 90 51 56 70
550000 38 138 90 53 63 69
550000 38 138 91 51 69 63
550000 38 138 91 53 58 65
550000 38 138 91 56 57 68
550000 38 138 98 51 65 63
550000 38 139 91 51 63 64
550000 38 140 92 55 72 69
550000 38 143 91 54 55 74
600000 41 137 90 85 57 62
600000 41 137 91 51 59 65
600000 41 137 91 51 61 65
600000 41 137 91 56 59 71
600000 41 138 91 50 55 65
600000 41 138 91 51 62 63
600000 41 138 91 51 64 63
600000 41 138 91 52 56 68
600000 41 138 91 52 66 66
600000 41 138 91 53 58 72
600000 41 138 91 57 59 72
600000 41 139 91 51 60 59
600000 41 140 90 51 67 63
600000 41 140 91 51 56 63
600000 42 138 91 51 57 65
600000 42 138 91 51 62 64
600000 42 138 91 51 64 67
600000 42 138 91 53 54 73
650000 45 139 91 51 58 62
650000 45 139 91 51 58 72
650000 45 139 91 51 62 67
650000 45 139 91 51 63 62
650000 45 139 91 52 63 64
650000 45 139 91 53 59 65
650000 45 139 91 69 58 67
650000 45 139 92 52 61 67
650000 45 139 92 52 69 70
650000 45 139 92 54 58 60
650000 45 140 91 51 53 62
650000 45 140 91 57 63 77
650000 45 141 91 54 64 63
650000 45 141 93 56 56 65
650000 45 151 99 52 61 70
650000 46 139 91 51 56 59
650000 46 139 91 52 58 63
650000 46 140 95 57 56 66
700000 49 139 92 51 62 70
700000 49 139 92 51 65 66
700000 49 139 92 52 60 67
700000 49 139 92 52 61 62
700000 49 139 92 55 59 64
700000 49 140 91 51 68 57
700000 49 140 91 52 56 64
700000 49 140 91 55 57 66
700000 49 140 92 51 57 67
700000 49 140 92 53 59 66
700000 49 140 92 66 67 56
700000 49 140 93 53 57 72
700000 49 141 91 55 56 66
700000 49 142 91 71 59 65
700000 49 142 92 55 63 59
700000 50 140 91 52 60 66
700000 50 141 92 52 58 65
700000 50 142 92 55 63 58
750000 53 140 92 51 59 61
750000 53 140 92 52 55 66
750000 53 140 92 52 61 67
750000 53 140 92 52 62 69
750000 53 140 92 52 63 63
750000 53 140 92 53 65 66
750000 53 140 92 54 58 65
750000 53 140 92 55 59 62
750000 53 140 93 57 59 66
750000 53 141 92 51 59 66
750000 53 141 92 52 59 65
750000 53 141 92 52 61 65
750000 53 141 92 52 63 65
750000 53 141 92 55 66 86
750000 53 141 93 57 59 68
750000 53 143 92 53 65 68
750000 53 143 93 69 56 70
750000 54 141 92 52 66 70
800000 57 145 97 54 60 67
800000 57 145 97 55 60 67
800000 57 146 96 54 66 70
800000 57 146 96 54 69 71
800000 57 146 96 56 61 65
800000 57 146 96 56 62 66
800000 57 146 96 57 73 75
800000 57 146 96 68 63 66
800000 57 146 97 54 58 74
800000 57 146 97 54 61 66
800000 57 146 97 54 70 68
800000 57 146 97 54 70 77
800000 57 146 97 56 68 65
800000 57 146 97 57 64 65
800000 57 146 97 58 67 64
800000 57 146 98 63 61 73
800000 57 148 96 59 63 72
800000 57 150 96 55 69 63
850000 60 172 113 63 79 72
850000 60 172 113 64 73 81
850000 60 172 113 66 76 77
850000 60 172 114 64 77 80
850000 60 173 114 63 74 81
850000 60 173 114 64 70 83
850000 60 173 114 68 74 73
850000 61 172 113 63 73 85
850000 61 172 113 63 84 80
850000 61 172 113 64 64 78
850000 61 172 114 64 71 75
850000 61 172 114 64 79 78
850000 61 173 113 65 69 75
850000 61 173 113 65 79 81
850000 61 173 113 66 71 85
850000 61 173 114 64 99 77
850000 61 173 115 63 73 83
850000 62 174 113 67 73 77
900000 64 198 131 74 90 93
900000 64 199 131 73 87 88
900000 64 199 131 74 86 86
900000 64 199 131 74 87 95
900000 64 199 132 73 86 90
900000 64 200 132 76 78 89
900000 65 198 130 75 84 88
900000 65 199 131 73 86 98
900000 65 199 131 74 80 91
900000 65 199 131 74 85 92
900000 65 199 132 74 85 90
900000 65 199 133 73 80 94
900000 65 199 133 74 81 85
900000 65 199 134 73 81 89
900000 65 200 131 74 85 97
900000 65 200 131 87 78 85
900000 65 200 132 76 78 83
900000 66 199 131 74 84 88
950000 68 224 148 83 94 95
950000 68 225 147 83 95 105
950000 68 225 147 83 96 97
950000 68 225 148 82 91 108
950000 68 225 148 84 100 98
950000 68 225 149 83 92 104
950000 69 224 147 83 91 102
950000 69 224 149 83 84 103
950000 69 225 147 83 93 91
950000 69 225 147 83 97 103
950000 69 225 147 83 98 93
950000 69 225 148 83 100 101
950000 69 225 148 83 100 99
950000 69 225 148 83 89 97
950000 69 225 149 83 92 91
950000 69 226 149 83 96 103
950000 69 228 150 83 91 98
950000 70 225 149 85 92 96
1000000 72 251 164 93 97 107
1000000 72 251 164 95 104 107
1000000 72 251 164 95 108 104
1000000 72 251 164 95 99 114
1000000 72 251 165 104 102 110
1000000 72 251 165 93 100 107
1000000 72 251 165 94 106 115
1000000 72 251 166 93 111 116
1000000 72 252 164 97 106 109
1000000 72 252 165 112 103 107
1000000 72 253 166 93 103 110
1000000 72 254 164 93 100 108
1000000 73 251 164 92 101 108
1000000 73 251 165 92 102 111
1000000 73 253 164 93 108 105
1000000 74 252 165 94 102 120
1000000 74 252 167 93 95 109
1000000 81 251 165 93 110 103
1050000 76 282 184 103 110 112
1050000 76 282 184 103 110 118
1050000 76 282 184 103 111 118
1050000 76 282 184 103 114 122
1050000 76 282 184 103 115 116
1050000 76 282 184 103 116 136
1050000 76 282 184 103 119 115
1050000 76 282 185 103 111 120
1050000 76 282 185 103 121 120
1050000 76 282 191 103 115 120
1050000 76 283 185 114 116 120
1050000 76 283 186 107 116 121
1050000 76 283 187 118 113 117
1050000 76 284 184 104 117 117
1050000 76 284 186 105 110 118
1050000 76 284 186 117 112 121
1050000 77 285 184 103 118 130
1050000 79 283 185 105 112 111
1100000 79 282 183 104 114 121
1100000 79 282 184 103 112 125
1100000 79 282 186 104 111 123
1100000 79 283 183 103 116 115
1100000 79 283 184 119 116 115
1100000 80 282 183 107 116 116
1100000 80 282 184 104 123 115
1100000 80 282 184 109 115 117
1100000 80 283 184 104 114 118
1100000 80 283 184 104 114 127
1100000 80 283 184 106 118 120
1100000 80 283 186 104 119 127
1100000 80 284 184 107 128 125
1100000 80 284 193 103 114 125
1100000 80 285 184 113 116 113
1100000 81 282 184 104 120 118
1100000 81 283 186 103 119 109
1100000 81 284 184 135 112 122
1150000 84 282 185 107 120 117
1150000 84 282 187 103 120 119
1150000 84 283 185 104 116 118
1150000 84 283 185 104 118 115
1150000 84 283 185 107 111 118
1150000 84 283 185 116 113 111
1150000 84 283 186 104 115 123
1150000 84 283 187 104 114 117
1150000 84 284 187 104 112 120
1150000 84 285 185 108 126 125
1150000 84 285 186 104 114 116
1150000 85 282 185 106 121 116
1150000 85 283 185 103 115 130
1150000 85 283 185 104 116 115
1150000 85 283 186 104 115 118
1150000 85 287 186 104 109 127
1150000 86 283 185 119 123 114
1150000 86 285 186 104 116 122
1200000 88 282 184 103 105 118
1200000 88 282 184 103 107 118
1200000 88 282 184 104 116 128
1200000 88 282 184 104 118 118
1200000 88 282 185 104 109 119
1200000 88 282 185 104 113 116
1200000 88 282 185 105 110 119
1200000 88 282 186 104 120 116
1200000 88 282 189 104 110 122
1200000 88 283 185 104 117 121
1200000 88 283 187 104 120 115
1200000 88 283 188 104 112 118
1200000 88 284 185 103 113 113
1200000 88 284 186 104 122 121
1200000 89 283 186 104 110 123
1200000 89 283 193 104 123 114
1200000 89 284 186 117 120 122
1200000 93 283 185 116 119 125
1250000 92 283 184 103 118 114
1250000 92 283 185 103 115 120
1250000 92 283 185 103 116 121
1250000 92 283 185 103 117 125
1250000 92 283 186 106 119 121
1250000 92 283 189 105 125 127
1250000 92 284 185 104 125 116
1250000 92 284 188 104 120 134
1250000 92 285 185 104 119 119
1250000 92 285 186 117 117 122
1250000 92 286 185 116 111 124
1250000 92 288 185 105 108 120
1250000 93 284 185 103 111 124
1250000 93 284 185 104 111 121
1250000 93 284 185 104 116 121
1250000 93 284 185 112 118 115
1250000 93 285 187 118 114 119
1250000 94 284 185 104 115 117
1300000 96 283 191 131 124 121
1300000 96 284 186 104 110 119
1300000 96 284 186 106 114 122
1300000 96 284 186 107 112 122
1300000 96 284 187 104 114 121
1300000 96 284 187 105 113 121
1300000 96 284 187 107 127 118
1300000 96 284 194 112 117 125
1300000 96 285 187 105 116 129
1300000 96 286 187 104 123 116
1300000 97 284 187 105 111 120
1300000 97 284 187 105 112 121
1300000 97 284 190 108 118 121
1300000 97 285 186 105 117 111
1300000 97 285 188 105 116 124
1300000 97 285 188 122 118 114
1300000 97 286 187 105 116 120
1300000 97 286 188 107 118 119
1350000 100 284 186 104 113 121
1350000 100 284 186 106 114 126
1350000 100 284 187 105 114 118
1350000 100 285 185 105 118 119
1350000 100 285 186 105 122 122
1350000 100 285 186 107 114 113
1350000 100 285 188 105 113 122
1350000 100 288 187 104 112 117
1350000 101 284 186 104 117 124
1350000 101 284 186 105 112 127
1350000 101 285 187 105 125 129
1350000 101 285 190 104 111 128
1350000 101 285 193 105 118 117
1350000 101 286 188 105 116 123
1350000 101 288 186 105 119 119
1350000 102 284 186 124 113 120
1350000 102 285 187 104 116 125
1350000 102 285 188 134 127 120
1400000 104 285 187 105 114 122
1400000 104 286 187 104 112 120
1400000 104 286 187 104 117 122
1400000 104 286 187 107 120 129
1400000 104 286 187 107 121 126
1400000 104 286 193 106 117 122
1400000 104 287 187 120 126 115
1400000 105 285 187 104 119 114
1400000 105 285 189 104 121 120
1400000 105 286 186 106 120 123
1400000 105 286 187 104 115 117
1400000 105 286 187 104 118 111
1400000 105 286 188 105 119 112
1400000 105 287 188 104 113 119
1400000 105 287 189 107 123 135
1400000 105 288 187 106 108 114
1400000 105 289 187 104 111 125
1400000 105 289 190 104 118 117
1450000 108 287 187 105 117 115
1450000 108 287 188 113 122 124
1450000 108 287 191 106 115 114
1450000 108 288 189 105 122 122
1450000 109 287 188 122 114 124
1450000 109 287 189 105 119 127
1450000 109 287 189 106 111 125
1450000 109 288 188 105 110 120
1450000 109 288 188 105 111 116
1450000 109 288 188 105 115 128
1450000 109 288 188 106 115 121
1450000 109 288 188 106 115 131
1450000 109 288 189 118 125 129
1450000 109 290 190 107 115 125
1450000 110 287 189 105 116 118
1450000 110 288 188 104 124 121
1450000 110 288 189 105 117 114
1450000 110 288 190 119 119 127
1500000 112 286 187 105 116 124
1500000 112 286 188 105 115 122
1500000 112 286 188 107 112 126
1500000 112 287 187 105 116 122
1500000 112 287 188 104 112 121
1500000 112 287 189 105 116 120
1500000 112 288 188 107 108 115
1500000 113 286 187 105 113 125
1500000 113 286 187 105 115 122
1500000 113 287 187 105 117 120
1500000 113 287 188 105 108 114
1500000 113 287 188 108 115 118
1500000 113 287 188 108 122 118
1500000 113 288 188 106 122 125
1500000 113 288 188 108 127 121
1500000 113 288 190 108 129 123
1500000 113 289 189 106 116 125
1500000 114 289 188 105 119 113
1550000 117 286 188 105 115 126
1550000 117 286 188 105 116 119
1550000 117 286 188 105 128 123
1550000 117 287 188 104 117 115
1550000 117 287 188 106 116 122
1550000 117 287 188 106 124 118
1550000 117 287 188 120 111 124
1550000 117 287 189 105 115 118
1550000 117 287 189 105 120 112
1550000 117 287 191 116 125 117
1550000 117 288 188 104 118 120
1550000 117 288 188 105 116 118
1550000 117 288 188 111 115 121
1550000 117 288 189 105 122 126
1550000 118 287 188 105 116 117
1550000 118 287 189 105 116 119
1550000 118 287 190 106 115 122
1550000 119 289 188 104 118 115
1600000 121 297 197 121 130 121
1600000 121 298 196 109 129 116
1600000 121 298 196 110 117 130
1600000 121 298 196 110 121 121
1600000 121 298 196 110 126 124
1600000 121 298 196 116 126 143
1600000 121 298 197 119 118 127
1600000 121 298 197 122 126 122
1600000 121 300 197 111 129 127
1600000 122 298 197 110 129 116
1600000 122 298 197 111 120 126
1600000 122 298 197 119 125 131
1600000 122 299 196 111 121 126
1600000 122 299 197 110 127 125
1600000 122 299 197 114 118 133
1600000 122 299 198 125 123 127
1600000 123 301 199 111 131 132
1600000 124 299 198 110 122 129
1650000 125 326 213 120 129 131
1650000 125 326 213 121 130 138
1650000 125 326 213 121 141 138
1650000 125 326 214 120 133 137
1650000 125 326 214 121 139 135
1650000 125 326 215 120 133 134
1650000 125 326 215 120 143 150
1650000 125 328 214 120 140 140
1650000 126 326 213 126 140 144
1650000 126 326 214 121 133 144
1650000 126 326 214 123 135 136
1650000 126 327 214 121 133 138
1650000 126 327 214 145 126 138
1650000 126 328 214 122 131 137
1650000 127 326 213 121 129 140
1650000 127 330 215 126 142 131
1650000 128 327 217 133 140 144
1650000 128 329 213 125 128 137
1700000 129 351 233 129 141 153
1700000 129 352 232 131 140 143
1700000 129 352 235 132 137 145
1700000 130 351 232 129 136 156
1700000 130 351 232 130 137 149
1700000 130 351 233 129 143 143
1700000 130 351 233 130 140 142
1700000 130 351 234 131 144 147
1700000 130 351 235 166 140 149
1700000 130 352 233 130 143 143
1700000 130 352 233 130 151 156
1700000 130 352 234 131 133 147
1700000 130 353 233 130 139 149
1700000 130 353 235 129 146 139
1700000 130 354 232 131 141 147
1700000 130 356 233 130 142 147
1700000 131 353 235 142 144 149
1700000 132 353 237 145 148 150
1750000 134 381 251 140 145 161
1750000 134 381 251 140 150 156
1750000 134 381 251 145 152 156
1750000 134 381 252 140 156 147
1750000 134 382 251 152 148 158
1750000 134 382 252 140 143 149
1750000 134 382 253 141 151 172
1750000 134 382 254 153 158 150
1750000 134 383 251 140 150 158
1750000 134 383 252 142 149 148
1750000 134 388 251 141 157 160
1750000 135 381 251 153 152 168
1750000 135 382 251 139 149 165
1750000 135 382 252 153 159 162
1750000 135 382 253 147 154 156
1750000 135 383 251 142 155 158
1750000 135 384 252 139 160 161
1750000 135 384 252 166 166 164
1800000 138 404 268 149 162 160
1800000 138 404 268 149 166 166
1800000 138 404 268 153 162 165
1800000 138 404 269 160 166 166
1800000 138 404 270 149 159 170
1800000 138 405 268 149 165 163
1800000 138 405 268 149 165 172
1800000 138 405 268 166 165 160
1800000 138 405 268 184 163 160
1800000 138 406 268 150 166 164
1800000 138 408 270 148 156 168
1800000 139 404 269 149 156 165
1800000 139 405 268 153 166 160
1800000 139 405 269 150 153 161
1800000 139 405 270 149 166 163
1800000 139 405 273 165 170 167
1800000 139 406 268 152 153 165
1800000 141 406 270 162 159 172
1850000 142 432 283 159 169 173
1850000 142 432 284 161 179 171
1850000 142 432 285 158 170 172
1850000 142 432 285 162 171 178
1850000 142 433 284 159 170 176
1850000 143 431 285 159 180 174
1850000 143 432 284 159 167 179
1850000 143 432 285 164 167 176
1850000 143 432 286 173 181 181
1850000 143 433 284 160 175 179
1850000 143 433 284 174 171 171
1850000 143 434 284 164 175 169
1850000 143 434 284 177 179 182
1850000 143 434 285 163 180 180
1850000 143 435 285 160 176 182
1850000 144 432 287 160 177 185
1850000 144 433 286 159 170 175
1850000 144 436 287 179 181 174
1900000 145 459 303 168 178 184
1900000 146 457 303 168 182 182
1900000 146 458 303 168 181 187
1900000 146 458 303 192 175 184
1900000 146 459 303 168 175 185
1900000 146 459 304 169 184 187
1900000 146 459 305 171 186 180
1900000 146 460 303 168 184 184
1900000 146 460 303 168 187 178
1900000 146 460 303 169 185 180
1900000 147 459 304 172 182 185
1900000 147 459 304 187 183 185
1900000 147 460 303 169 192 182
1900000 147 460 306 169 181 184
1900000 148 459 304 168 187 184
1900000 148 459 305 173 181 183
1900000 148 461 306 180 183 211
1900000 148 462 306 186 188 181
1950000 149 484 321 181 194 188
1950000 149 484 322 179 191 191
1950000 150 484 320 179 193 193
1950000 150 484 322 178 192 189
1950000 150 484 322 178 195 195
1950000 150 484 324 179 209 196
1950000 150 485 320 182 193 192
1950000 150 485 320 192 197 196
1950000 150 485 322 205 201 200
1950000 150 486 320 179 189 195
1950000 150 486 322 205 195 202
1950000 151 485 321 179 193 184
1950000 151 486 320 178 196 191
1950000 151 486 321 179 188 196
1950000 151 486 322 179 191 196
1950000 151 486 322 181 184 194
1950000 152 485 323 179 192 197
1950000 152 490 323 200 196 191
2000000 153 510 339 187 195 214
2000000 154 510 337 191 197 203
2000000 154 510 338 187 199 203
2000000 154 510 338 187 205 205
2000000 154 510 339 192 202 204
2000000 154 510 342 188 207 217
2000000 154 511 338 190 203 203
2000000 154 511 339 191 208 204
2000000 154 511 341 187 198 209
2000000 154 512 338 189 202 206
2000000 154 512 338 194 205 208
2000000 155 510 338 200 213 202
2000000 155 511 339 189 198 199
2000000 155 512 342 226 209 204
2000000 155 513 339 204 214 214
2000000 155 521 339 200 216 212
2000000 156 511 339 207 221 203
2000000 156 515 342 239 214 205
