N std-stable-sort-int d0 d1 d2 d3 d4
50000 2 6 3 2 3 7
50000 2 6 3 2 4 5
50000 2 6 3 2 4 6
50000 2 6 3 2 4 6
50000 2 6 3 2 4 6
50000 2 6 3 2 4 6
50000 2 6 3 2 4 7
50000 2 6 3 2 4 7
50000 2 6 3 2 4 7
50000 2 6 3 2 4 7
50000 2 6 3 2 4 7
50000 2 6 3 2 4 7
50000 2 6 3 2 4 8
50000 2 6 3 2 5 14
50000 2 6 3 2 5 5
50000 2 6 3 2 5 5
50000 2 6 3 2 5 5
50000 2 6 3 2 5 6
50000 2 6 3 2 5 6
50000 2 6 3 2 5 6
50000 2 6 3 2 5 7
50000 2 6 3 2 5 8
50000 2 6 3 2 6 7
50000 2 6 3 2 6 7
50000 2 6 3 2 6 7
50000 2 6 3 2 6 7
50000 2 6 3 2 7 7
50000 2 6 3 3 3 5
50000 2 6 3 3 4 11
50000 2 6 3 3 4 7
50000 2 6 3 3 4 7
50000 2 6 3 3 4 7
50000 2 6 3 3 4 7
50000 2 6 3 3 4 8
50000 2 6 3 3 4 8
50000 2 6 3 3 4 8
50000 2 6 3 3 4 8
50000 2 6 3 3 5 6
50000 2 6 3 3 5 6
50000 2 6 3 3 5 6
50000 2 6 3 3 5 6
50000 2 6 3 3 5 6
50000 2 6 3 3 5 7
50000 2 6 3 3 5 7
50000 2 6 3 3 5 7
50000 2 6 3 3 5 8
50000 2 6 3 3 5 9
50000 2 6 3 3 6 6
50000 2 6 3 3 8 7
50000 2 6 3 4 4 10
50000 2 6 3 4 4 5
50000 2 6 3 4 4 6
50000 2 6 3 4 4 6
50000 2 6 3 4 4 6
50000 2 6 3 4 4 6
50000 2 6 3 4 4 6
50000 2 6 3 4 4 7
50000 2 6 3 4 4 7
50000 2 6 3 4 4 7
50000 2 6 3 4 4 7
50000 2 6 3 4 4 7
50000 2 6 3 4 4 7
50000 2 6 3 4 4 7
50000 2 6 3 4 4 7
50000 2 6 3 4 4 7
50000 2 6 3 4 4 8
50000 2 6 3 4 4 8
50000 2 6 3 4 5 10
50000 2 6 3 4 5 5
50000 2 6 3 4 5 6
50000 2 6 3 4 5 7
50000 2 6 3 4 5 7
50000 2 6 3 4 5 8
50000 2 6 3 4 5 8
50000 2 6 3 4 5 8
50000 2 6 3 4 6 8
50000 2 6 3 4 6 8
50000 2 6 3 4 7 6
50000 2 6 3 4 7 6
50000 2 6 3 4 9 6
50000 2 6 3 5 4 7
50000 2 6 3 6 5 8
50000 2 6 4 2 4 8
50000 2 6 4 3 4 6
50000 2 6 4 3 5 7
50000 2 6 5 2 5 9
50000 2 6 5 4 5 9
50000 2 6 6 3 5 6
50000 2 6 6 4 5 6
50000 3 6 3 3 4 12
100000 5 12 7 4 6 10
100000 5 12 7 4 6 10
100000 5 12 7 4 7 9
100000 5 12 7 4 8 8
100000 5 12 7 4 8 8
100000 5 12 7 4 8 9
100000 5 12 7 4 8 9
100000 5 12 7 6 6 8
100000 5 12 7 7 10 10
100000 5 12 7 7 8 10
100000 5 13 7 4 6 7
100000 5 13 7 4 6 8
100000 5 13 7 4 7 8
100000 5 13 7 4 7 9
100000 5 13 7 7 10 10
100000 5 13 7 7 8 8
100000 6 12 7 10 7 8
100000 6 12 7 4 10 6
100000 6 12 7 4 10 8
100000 6 12 7 4 5 8
100000 6 12 7 4 6 10
100000 6 12 7 4 6 12
100000 6 12 7 4 6 12
100000 6 12 7 4 6 9
100000 6 12 7 4 6 9
100000 6 12 7 4 6 9
100000 6 12 7 4 6 9
100000 6 12 7 4 7 11
100000 6 12 7 4 7 18
100000 6 12 7 4 7 8
100000 6 12 7 4 7 8
100000 6 12 7 4 7 8
100000 6 12 7 4 7 8
100000 6 12 7 4 7 8
100000 6 12 7 4 7 8
100000 6 12 7 4 7 9
100000 6 12 7 4 8 11
100000 6 12 7 4 8 13
100000 6 12 7 4 8 7
100000 6 12 7 4 8 8
100000 6 12 7 4 8 8
100000 6 12 7 4 8 9
100000 6 12 7 4 8 9
100000 6 12 7 4 8 9
100000 6 12 7 5 10 10
100000 6 12 7 5 6 8
100000 6 12 7 5 8 7
100000 6 12 7 5 8 9
100000 6 12 7 6 7 10
100000 6 12 7 6 7 9
100000 6 12 7 7 6 12
100000 6 12 7 7 6 8
100000 6 12 7 7 7 11
100000 6 12 7 7 7 11
100000 6 12 7 7 7 9
100000 6 12 7 7 8 10
100000 6 12 7 7 8 9
100000 6 12 7 7 8 9
100000 6 12 7 7 8 9
100000 6 12 9 4 8 8
100000 6 13 7 4 6 10
100000 6 13 7 4 7 10
100000 6 13 7 4 7 12
100000 6 13 7 4 7 8
100000 6 13 7 4 7 8
100000 6 13 7 4 7 9
100000 6 13 7 4 8 10
100000 6 13 7 4 8 10
100000 6 13 7 4 8 11
100000 6 13 7 4 8 11
100000 6 13 7 4 8 12
100000 6 13 7 4 8 7
100000 6 13 7 4 8 8
100000 6 13 7 4 8 8
100000 6 13 7 4 8 8
100000 6 13 7 4 8 8
100000 6 13 7 4 8 8
100000 6 13 7 4 8 9
100000 6 13 7 4 9 8
100000 6 13 7 5 5 8
100000 6 13 7 5 8 12
100000 6 13 7 5 8 9
100000 6 13 7 6 7 10
100000 6 13 7 7 6 8
100000 6 13 7 7 7 7
100000 6 13 7 7 7 8
100000 6 13 7 7 7 9
100000 6 13 7 7 8 9
100000 6 13 7 7 9 8
100000 6 14 7 4 8 9
150000 10 19 11 6 10 13
150000 9 19 11 10 12 13
150000 9 19 11 10 12 9
150000 9 19 11 11 10 12
150000 9 19 11 11 10 13
150000 9 19 11 11 9 11
150000 9 19 11 11 9 9
150000 9 19 11 6 10 10
150000 9 19 11 6 10 10
150000 9 19 11 6 10 10
150000 9 19 11 6 10 10
150000 9 19 11 6 10 11
150000 9 19 11 6 10 11
150000 9 19 11 6 10 11
150000 9 19 11 6 10 11
150000 9 19 11 6 10 11
150000 9 19 11 6 10 11
150000 9 19 11 6 10 11
150000 9 19 11 6 10 12
150000 9 19 11 6 10 12
150000 9 19 11 6 10 12
150000 9 19 11 6 10 12
150000 9 19 11 6 10 12
150000 9 19 11 6 10 13
150000 9 19 11 6 10 14
150000 9 19 11 6 10 14
150000 9 19 11 6 10 17
150000 9 19 11 6 10 17
150000 9 19 11 6 11 10
150000 9 19 11 6 11 12
150000 9 19 11 6 12 11
150000 9 19 11 6 12 12
150000 9 19 11 6 12 12
150000 9 19 11 6 12 12
150000 9 19 11 6 12 13
150000 9 19 11 6 12 16
150000 9 19 11 6 12 16
150000 9 19 11 6 7 13
150000 9 19 11 6 8 10
150000 9 19 11 6 8 11
150000 9 19 11 6 8 11
150000 9 19 11 6 8 11
150000 9 19 11 6 8 11
150000 9 19 11 6 8 12
150000 9 19 11 6 8 12
150000 9 19 11 6 9 10
150000 9 19 11 6 9 10
150000 9 19 11 6 9 10
150000 9 19 11 6 9 10
150000 9 19 11 6 9 11
150000 9 19 11 6 9 11
150000 9 19 11 6 9 11
150000 9 19 11 6 9 11
150000 9 19 11 6 9 11
150000 9 19 11 6 9 11
150000 9 19 11 6 9 11
150000 9 19 11 6 9 11
150000 9 19 11 6 9 12
150000 9 19 11 6 9 12
150000 9 19 11 6 9 12
150000 9 19 11 6 9 13
150000 9 19 11 6 9 13
150000 9 19 11 6 9 13
150000 9 19 11 6 9 14
150000 9 19 11 6 9 14
150000 9 19 11 6 9 15
150000 9 19 11 7 10 11
150000 9 19 11 7 10 13
150000 9 19 11 7 11 13
150000 9 19 11 7 12 11
150000 9 19 11 7 13 15
150000 9 19 11 7 9 10
150000 9 19 11 7 9 12
150000 9 19 11 7 9 13
150000 9 19 11 7 9 13
150000 9 19 11 7 9 14
150000 9 19 11 8 10 10
150000 9 19 11 8 10 11
150000 9 19 11 8 9 11
150000 9 19 11 9 10 20
150000 9 19 11 9 11 16
150000 9 19 11 9 9 12
150000 9 19 13 6 10 12
150000 9 19 14 6 10 12
150000 9 20 11 11 10 16
150000 9 20 11 6 10 12
150000 9 20 11 6 9 13
150000 9 20 11 6 9 13
150000 9 20 14 9 10 14
150000 9 21 11 6 10 13
200000 12 26 14 10 10 18
200000 12 26 14 14 12 12
200000 12 26 14 8 10 13
200000 12 26 14 8 12 13
200000 12 26 14 8 12 13
200000 12 26 14 8 12 13
200000 12 26 14 8 12 14
200000 12 26 14 8 13 13
200000 12 26 14 8 13 13
200000 12 26 14 8 13 14
200000 12 26 14 8 13 14
200000 12 26 14 8 13 15
200000 12 26 14 8 14 13
200000 12 26 14 8 14 17
200000 12 26 14 9 10 14
200000 12 26 14 9 12 13
200000 12 26 14 9 12 14
200000 12 26 14 9 13 13
200000 12 26 14 9 13 15
200000 12 26 14 9 13 16
200000 12 26 14 9 13 16
200000 12 26 14 9 9 13
200000 12 26 15 11 12 13
200000 12 26 15 11 12 15
200000 12 26 15 11 13 15
200000 12 26 15 15 11 14
200000 12 26 15 8 10 12
200000 12 26 15 8 10 13
200000 12 26 15 8 10 13
200000 12 26 15 8 10 16
200000 12 26 15 8 12 12
200000 12 26 15 8 12 13
200000 12 26 15 8 12 13
200000 12 26 15 8 12 13
200000 12 26 15 8 12 13
200000 12 26 15 8 12 13
200000 12 26 15 8 12 14
200000 12 26 15 8 12 14
200000 12 26 15 8 12 14
200000 12 26 15 8 12 15
200000 12 26 15 8 12 15
200000 12 26 15 8 12 15
200000 12 26 15 8 12 15
200000 12 26 15 8 12 15
200000 12 26 15 8 12 15
200000 12 26 15 8 12 15
200000 12 26 15 8 12 17
200000 12 26 15 8 12 17
200000 12 26 15 8 13 11
200000 12 26 15 8 13 12
200000 12 26 15 8 13 12
200000 12 26 15 8 13 13
200000 12 26 15 8 13 13
200000 12 26 15 8 13 14
200000 12 26 15 8 13 14
200000 12 26 15 8 13 14
200000 12 26 15 8 13 15
200000 12 26 15 8 13 15
200000 12 26 15 8 13 19
200000 12 26 15 8 14 14
200000 12 26 15 8 9 15
200000 12 26 15 8 9 15
200000 12 26 15 9 10 12
200000 12 26 15 9 10 14
200000 12 26 15 9 10 15
200000 12 26 15 9 11 12
200000 12 26 15 9 11 15
200000 12 26 15 9 11 15
200000 12 26 15 9 11 16
200000 12 26 15 9 12 12
200000 12 26 15 9 12 12
200000 12 26 15 9 12 13
200000 12 26 15 9 12 13
200000 12 26 15 9 12 14
200000 12 26 15 9 12 14
200000 12 26 15 9 12 17
200000 12 26 15 9 13 12
200000 12 26 15 9 13 13
200000 12 26 15 9 13 13
200000 12 26 15 9 15 13
200000 12 26 15 9 16 15
200000 12 26 15 9 9 13
200000 12 26 16 8 13 14
200000 12 26 18 8 13 13
200000 12 27 14 9 10 13
200000 12 27 15 12 13 15
200000 12 27 15 8 12 13
200000 12 27 15 8 13 14
200000 13 26 15 8 12 15
200000 13 28 15 15 12 14
250000 16 33 18 10 12 16
250000 16 33 18 10 12 17
250000 16 33 18 10 12 17
250000 16 33 18 10 13 16
250000 16 33 18 10 14 15
250000 16 33 18 10 14 17
250000 16 33 18 10 15 15
250000 16 33 18 10 15 17
250000 16 33 18 10 15 19
250000 16 33 18 10 16 17
250000 16 33 18 10 16 19
250000 16 33 18 11 11 17
250000 16 33 18 11 11 17
250000 16 33 18 11 12 14
250000 16 33 18 11 12 14
250000 16 33 18 11 12 15
250000 16 33 18 11 12 15
250000 16 33 18 11 12 16
250000 16 33 18 11 12 18
250000 16 33 18 11 12 18
250000 16 33 18 11 12 21
250000 16 33 18 11 13 15
250000 16 33 18 11 13 16
250000 16 33 18 11 13 17
250000 16 33 18 11 13 19
250000 16 33 18 11 14 14
250000 16 33 18 11 14 15
250000 16 33 18 11 14 15
250000 16 33 18 11 14 16
250000 16 33 18 11 14 17
250000 16 33 18 11 14 17
250000 16 33 18 11 14 18
250000 16 33 18 11 15 14
250000 16 33 18 11 15 14
250000 16 33 18 11 15 15
250000 16 33 18 11 15 15
250000 16 33 18 11 15 15
250000 16 33 18 11 15 15
250000 16 33 18 11 15 15
250000 16 33 18 11 15 15
250000 16 33 18 11 15 15
250000 16 33 18 11 15 16
250000 16 33 18 11 15 16
250000 16 33 18 11 15 16
250000 16 33 18 11 15 16
250000 16 33 18 11 15 16
250000 16 33 18 11 15 16
250000 16 33 18 11 15 16
250000 16 33 18 11 15 17
250000 16 33 18 11 15 17
250000 16 33 18 11 15 17
250000 16 33 18 11 15 17
250000 16 33 18 11 15 18
250000 16 33 18 11 15 18
250000 16 33 18 11 16 14
250000 16 33 18 11 16 14
250000 16 33 18 11 16 16
250000 16 33 18 11 16 16
250000 16 33 18 11 16 16
250000 16 33 18 11 16 16
250000 16 33 18 11 16 17
250000 16 33 18 12 16 15
250000 16 33 18 13 15 18
250000 16 33 18 13 16 15
250000 16 33 18 17 13 19
250000 16 33 18 17 15 16
250000 16 33 19 10 11 17
250000 16 33 19 10 15 15
250000 16 33 19 11 12 17
250000 16 33 19 11 13 18
250000 16 33 19 11 13 18
250000 16 33 19 11 15 16
250000 16 33 19 11 15 16
250000 16 33 19 11 15 17
250000 16 33 19 11 15 17
250000 16 33 19 11 15 18
250000 16 33 19 11 16 15
250000 16 33 19 12 11 17
250000 16 33 19 12 15 17
250000 16 33 19 12 16 20
250000 16 33 19 13 12 18
250000 16 33 21 10 12 15
250000 16 33 21 10 15 15
250000 16 33 21 11 12 16
250000 16 33 21 11 13 18
250000 16 33 21 11 15 17
250000 16 33 21 11 16 16
250000 16 34 18 10 12 16
250000 16 34 18 11 15 18
250000 16 35 18 11 16 17
300000 19 40 22 13 14 17
300000 19 40 22 13 14 17
300000 19 40 22 13 14 17
300000 19 40 22 13 14 17
300000 19 40 22 13 14 18
300000 19 40 22 13 14 18
300000 19 40 22 13 14 18
300000 19 40 22 13 14 18
300000 19 40 22 13 14 18
300000 19 40 22 13 14 19
300000 19 40 22 13 14 19
300000 19 40 22 13 14 20
300000 19 40 22 13 14 20
300000 19 40 22 13 14 20
300000 19 40 22 13 14 21
300000 19 40 22 13 14 22
300000 19 40 22 13 15 17
300000 19 40 22 13 15 17
300000 19 40 22 13 15 17
300000 19 40 22 13 15 17
300000 19 40 22 13 15 18
300000 19 40 22 13 15 19
300000 19 40 22 13 15 19
300000 19 40 22 13 16 17
300000 19 40 22 13 16 17
300000 19 40 22 13 16 18
300000 19 40 22 13 16 18
300000 19 40 22 13 16 20
300000 19 40 22 13 16 20
300000 19 40 22 13 17 17
300000 19 40 22 13 17 18
300000 19 40 22 13 17 18
300000 19 40 22 13 17 18
300000 19 40 22 13 17 19
300000 19 40 22 13 17 22
300000 19 40 22 13 17 24
300000 19 40 22 13 18 16
300000 19 40 22 13 18 17
300000 19 40 22 13 18 17
300000 19 40 22 13 18 17
300000 19 40 22 13 18 17
300000 19 40 22 13 18 18
300000 19 40 22 13 18 18
300000 19 40 22 13 18 18
300000 19 40 22 13 18 18
300000 19 40 22 13 18 18
300000 19 40 22 13 18 18
300000 19 40 22 13 18 18
300000 19 40 22 13 18 18
300000 19 40 22 13 18 18
300000 19 40 22 13 18 19
300000 19 40 22 13 18 19
300000 19 40 22 13 18 19
300000 19 40 22 13 18 19
300000 19 40 22 13 18 19
300000 19 40 22 13 18 20
300000 19 40 22 13 18 20
300000 19 40 22 13 18 20
300000 19 40 22 13 18 21
300000 19 40 22 13 18 21
300000 19 40 22 13 19 16
300000 19 40 22 13 19 17
300000 19 40 22 13 19 17
300000 19 40 22 13 19 17
300000 19 40 22 13 19 18
300000 19 40 22 13 19 18
300000 19 40 22 13 19 18
300000 19 40 22 13 19 19
300000 19 40 22 13 19 19
300000 19 40 22 13 19 19
300000 19 40 22 13 19 20
300000 19 40 22 13 19 21
300000 19 40 22 13 19 22
300000 19 40 22 14 14 18
300000 19 40 22 14 14 19
300000 19 40 22 14 15 20
300000 19 40 22 14 16 17
300000 19 40 22 17 14 20
300000 19 40 22 17 18 18
300000 19 40 22 19 15 21
300000 19 40 22 19 17 18
300000 19 40 23 13 15 19
300000 19 40 23 13 18 20
300000 19 40 23 13 18 20
300000 19 40 23 13 19 21
300000 19 40 25 13 18 17
300000 19 41 22 13 15 20
300000 19 44 22 13 14 17
300000 20 40 22 13 14 17
300000 20 40 22 13 14 17
350000 23 47 26 15 16 18
350000 23 47 26 15 16 20
350000 23 47 26 15 16 20
350000 23 47 26 15 16 20
350000 23 47 26 15 16 21
350000 23 47 26 15 16 23
350000 23 47 26 15 17 20
350000 23 47 26 15 17 20
350000 23 47 26 15 17 20
350000 23 47 26 15 17 21
350000 23 47 26 15 17 22
350000 23 47 26 15 17 22
350000 23 47 26 15 17 22
350000 23 47 26 15 17 24
350000 23 47 26 15 17 25
350000 23 47 26 15 18 19
350000 23 47 26 15 18 20
350000 23 47 26 15 18 21
350000 23 47 26 15 18 21
350000 23 47 26 15 19 19
350000 23 47 26 15 19 19
350000 23 47 26 15 19 22
350000 23 47 26 15 20 27
350000 23 47 26 15 21 20
350000 23 47 26 15 21 21
350000 23 47 26 15 21 23
350000 23 47 26 15 21 25
350000 23 47 26 15 22 20
350000 23 47 26 15 22 20
350000 23 47 26 15 22 20
350000 23 47 26 15 22 21
350000 23 47 26 15 22 22
350000 23 47 26 15 22 23
350000 23 47 26 16 16 21
350000 23 47 26 16 17 20
350000 23 47 26 16 19 23
350000 23 47 26 16 22 19
350000 23 47 26 16 22 19
350000 23 47 26 16 22 20
350000 23 47 26 16 22 20
350000 23 47 26 16 22 21
350000 23 47 26 16 22 21
350000 23 47 26 16 22 21
350000 23 47 26 17 16 20
350000 23 47 26 19 19 21
350000 23 47 27 15 16 20
350000 23 47 27 15 21 21
350000 23 47 27 18 21 22
350000 23 47 28 15 18 20
350000 23 47 30 16 22 20
350000 23 48 26 15 16 20
350000 23 48 26 15 16 20
350000 23 48 26 15 16 21
350000 23 48 26 15 16 22
350000 23 48 26 15 16 22
350000 23 48 26 15 16 23
350000 23 48 26 15 17 20
350000 23 48 26 15 17 20
350000 23 48 26 15 17 20
350000 23 48 26 15 17 20
350000 23 48 26 15 17 20
350000 23 48 26 15 17 20
350000 23 48 26 15 17 21
350000 23 48 26 15 17 22
350000 23 48 26 15 17 23
350000 23 48 26 15 17 24
350000 23 48 26 15 18 21
350000 23 48 26 15 18 21
350000 23 48 26 15 18 21
350000 23 48 26 15 18 22
350000 23 48 26 15 18 22
350000 23 48 26 15 19 20
350000 23 48 26 15 19 21
350000 23 48 26 15 19 22
350000 23 48 26 15 19 23
350000 23 48 26 15 20 20
350000 23 48 26 15 21 19
350000 23 48 26 15 21 20
350000 23 48 26 15 21 23
350000 23 48 26 15 22 20
350000 23 48 26 15 22 21
350000 23 48 26 15 22 21
350000 23 48 26 15 22 21
350000 23 48 26 16 17 21
350000 23 48 26 16 22 20
350000 23 48 26 18 22 18
350000 23 48 27 15 17 22
350000 23 48 27 15 19 23
350000 23 49 26 15 20 23
350000 24 48 26 15 19 20
400000 26 54 30 17 19 21
400000 26 54 30 17 19 21
400000 26 54 30 17 19 23
400000 26 54 30 17 19 23
400000 26 54 30 17 19 24
400000 26 54 30 17 19 27
400000 26 54 30 17 20 25
400000 26 54 30 17 20 26
400000 26 54 30 17 21 22
400000 26 54 30 17 21 23
400000 26 54 30 17 21 23
400000 26 54 30 17 22 22
400000 26 54 30 17 22 24
400000 26 54 30 17 22 25
400000 26 54 30 17 23 24
400000 26 54 30 17 24 25
400000 26 54 30 17 25 22
400000 26 54 30 17 25 23
400000 26 54 30 17 25 24
400000 26 54 30 18 19 24
400000 26 54 30 18 20 23
400000 26 54 30 18 21 23
400000 26 54 30 18 21 24
400000 26 54 30 18 21 25
400000 26 54 30 18 22 22
400000 26 54 30 18 23 22
400000 26 54 30 18 24 22
400000 26 54 30 18 25 26
400000 26 54 30 19 21 23
400000 26 54 30 30 23 23
400000 26 54 31 17 20 22
400000 26 54 31 18 19 22
400000 26 55 30 17 18 23
400000 26 55 30 17 19 23
400000 26 55 30 17 19 23
400000 26 55 30 17 19 24
400000 26 55 30 17 19 24
400000 26 55 30 17 21 23
400000 26 55 30 17 21 23
400000 26 55 30 17 22 23
400000 26 55 30 17 23 24
400000 26 55 30 17 24 23
400000 26 55 30 17 24 26
400000 26 55 30 17 25 22
400000 26 55 30 17 25 23
400000 26 55 30 17 25 23
400000 26 55 30 18 21 23
400000 26 55 30 18 23 24
400000 26 55 30 18 23 26
400000 26 55 30 18 24 24
400000 26 55 30 18 24 25
400000 26 55 30 18 24 26
400000 26 55 30 18 25 24
400000 26 55 30 19 20 22
400000 26 55 30 19 22 22
400000 26 55 30 25 19 23
400000 26 55 30 27 22 25
400000 27 54 30 17 18 21
400000 27 54 30 17 19 23
400000 27 54 30 17 19 24
400000 27 54 30 17 19 24
400000 27 54 30 17 19 24
400000 27 54 30 17 20 22
400000 27 54 30 17 20 22
400000 27 54 30 17 20 23
400000 27 54 30 17 22 29
400000 27 54 30 17 23 22
400000 27 54 30 17 23 23
400000 27 54 30 17 24 22
400000 27 54 30 17 24 25
400000 27 54 30 17 25 27
400000 27 54 30 18 19 23
400000 27 54 30 18 19 23
400000 27 54 30 18 19 23
400000 27 54 30 19 24 20
400000 27 54 30 21 22 25
400000 27 54 30 27 21 21
400000 27 54 31 17 22 24
400000 27 54 31 17 22 25
400000 27 55 30 17 19 26
400000 27 55 30 17 20 22
400000 27 55 30 17 21 22
400000 27 55 30 17 21 23
400000 27 55 30 17 23 23
400000 27 55 30 17 24 21
400000 27 55 30 17 24 26
400000 27 55 30 18 19 22
400000 27 55 30 18 20 26
400000 27 55 30 18 24 26
400000 27 55 30 23 24 23
450000 30 61 34 19 21 24
450000 30 61 34 19 21 25
450000 30 61 34 19 21 25
450000 30 61 34 19 21 26
450000 30 61 34 19 21 26
450000 30 61 34 19 21 26
450000 30 61 34 19 21 26
450000 30 61 34 19 21 26
450000 30 61 34 19 21 27
450000 30 61 34 19 22 25
450000 30 61 34 19 22 25
450000 30 61 34 19 22 25
450000 30 61 34 19 22 25
450000 30 61 34 19 22 25
450000 30 61 34 19 22 25
450000 30 61 34 19 22 26
450000 30 61 34 19 22 28
450000 30 61 34 19 22 30
450000 30 61 34 19 23 25
450000 30 61 34 19 23 25
450000 30 61 34 19 23 25
450000 30 61 34 19 23 26
450000 30 61 34 19 23 26
450000 30 61 34 19 23 31
450000 30 61 34 19 24 25
450000 30 61 34 19 24 29
450000 30 61 34 19 25 25
450000 30 61 34 19 25 25
450000 30 61 34 19 26 26
450000 30 61 34 19 26 27
450000 30 61 34 19 26 28
450000 30 61 34 19 26 28
450000 30 61 34 19 26 30
450000 30 61 34 19 27 24
450000 30 61 34 19 27 25
450000 30 61 34 19 27 27
450000 30 61 34 19 27 29
450000 30 61 34 19 28 25
450000 30 61 34 19 28 27
450000 30 61 34 20 21 22
450000 30 61 34 20 21 24
450000 30 61 34 20 21 24
450000 30 61 34 20 21 24
450000 30 61 34 20 21 25
450000 30 61 34 20 21 26
450000 30 61 34 20 21 27
450000 30 61 34 20 21 27
450000 30 61 34 20 21 27
450000 30 61 34 20 22 25
450000 30 61 34 20 22 25
450000 30 61 34 20 22 26
450000 30 61 34 20 22 27
450000 30 61 34 20 22 28
450000 30 61 34 20 22 31
450000 30 61 34 20 23 25
450000 30 61 34 20 23 26
450000 30 61 34 20 23 27
450000 30 61 34 20 23 31
450000 30 61 34 20 23 31
450000 30 61 34 20 24 25
450000 30 61 34 20 24 25
450000 30 61 34 20 24 27
450000 30 61 34 20 24 28
450000 30 61 34 20 24 29
450000 30 61 34 20 25 23
450000 30 61 34 20 25 26
450000 30 61 34 20 26 24
450000 30 61 34 20 26 25
450000 30 61 34 20 27 27
450000 30 61 34 20 29 24
450000 30 61 34 20 29 25
450000 30 61 34 21 20 24
450000 30 61 34 21 21 24
450000 30 61 34 21 24 25
450000 30 61 34 21 24 28
450000 30 61 34 21 24 29
450000 30 61 34 21 26 25
450000 30 61 34 22 28 26
450000 30 61 34 23 23 26
450000 30 61 34 27 25 28
450000 30 61 34 29 27 25
450000 30 61 34 30 22 25
450000 30 61 35 19 21 24
450000 30 61 35 19 24 25
450000 30 61 35 22 23 28
450000 30 62 34 19 27 27
450000 30 62 34 21 21 31
450000 30 64 34 20 22 28
450000 31 61 34 19 24 28
450000 31 61 34 20 24 26
500000 33 68 38 22 28 31
500000 33 68 38 23 24 29
500000 33 68 40 22 23 30
500000 33 69 38 28 29 27
500000 34 68 38 22 23 28
500000 34 68 38 22 23 28
500000 34 68 38 22 23 28
500000 34 68 38 22 23 29
500000 34 68 38 22 24 28
500000 34 68 38 22 24 28
500000 34 68 38 22 24 30
500000 34 68 38 22 25 27
500000 34 68 38 22 25 29
500000 34 68 38 22 25 29
500000 34 68 38 22 26 25
500000 34 68 38 22 26 27
500000 34 68 38 22 26 28
500000 34 68 38 22 26 28
500000 34 68 38 22 26 31
500000 34 68 38 22 26 31
500000 34 68 38 22 26 32
500000 34 68 38 22 27 25
500000 34 68 38 22 27 27
500000 34 68 38 22 27 27
500000 34 68 38 22 27 28
500000 34 68 38 22 27 28
500000 34 68 38 22 27 28
500000 34 68 38 22 27 28
500000 34 68 38 22 27 28
500000 34 68 38 22 27 29
500000 34 68 38 22 27 30
500000 34 68 38 22 27 30
500000 34 68 38 22 27 31
500000 34 68 38 22 27 32
500000 34 68 38 22 28 30
500000 34 68 38 22 29 28
500000 34 68 38 22 30 26
500000 34 68 38 22 30 27
500000 34 68 38 22 30 27
500000 34 68 38 22 30 28
500000 34 68 38 22 30 29
500000 34 68 38 23 23 29
500000 34 68 38 23 24 25
500000 34 68 38 23 26 26
500000 34 68 38 23 26 29
500000 34 68 38 23 27 28
500000 34 68 38 23 27 28
500000 34 68 38 23 28 25
500000 34 68 38 23 30 29
500000 34 68 38 27 26 27
500000 34 68 38 27 29 27
500000 34 68 38 28 27 27
500000 34 68 38 29 25 28
500000 34 68 38 30 25 27
500000 34 68 38 31 30 28
500000 34 68 39 22 24 30
500000 34 68 39 22 27 28
500000 34 68 39 22 30 27
500000 34 68 39 23 25 25
500000 34 68 39 35 29 30
500000 34 69 38 22 23 29
500000 34 69 38 22 23 30
500000 34 69 38 22 23 30
500000 34 69 38 22 24 26
500000 34 69 38 22 24 27
500000 34 69 38 22 24 28
500000 34 69 38 22 24 31
500000 34 69 38 22 24 34
500000 34 69 38 22 25 26
500000 34 69 38 22 25 27
500000 34 69 38 22 25 28
500000 34 69 38 22 25 29
500000 34 69 38 22 26 27
500000 34 69 38 22 26 28
500000 34 69 38 22 27 28
500000 34 69 38 22 27 29
500000 34 69 38 22 29 28
500000 34 69 38 22 29 28
500000 34 69 38 22 29 28
500000 34 69 38 22 29 29
500000 34 69 38 22 30 25
500000 34 69 38 22 30 28
500000 34 69 38 23 23 27
500000 34 69 38 28 23 30
500000 34 69 38 28 24 28
500000 34 69 39 22 25 29
500000 34 69 39 23 27 28
500000 34 69 41 22 24 30
500000 34 70 38 22 23 29
500000 34 73 38 23 29 29
550000 37 76 42 24 26 28
550000 37 76 42 24 26 30
550000 37 76 42 24 26 31
550000 37 76 42 24 26 31
550000 37 76 42 24 26 33
550000 37 76 42 24 26 36
550000 37 76 42 24 27 27
550000 37 76 42 24 28 30
550000 37 76 42 24 28 31
550000 37 76 42 24 28 31
550000 37 76 42 24 28 31
550000 37 76 42 24 28 32
550000 37 76 42 24 28 33
550000 37 76 42 24 28 34
550000 37 76 42 24 29 29
550000 37 76 42 24 29 29
550000 37 76 42 24 29 35
550000 37 76 42 24 29 36
550000 37 76 42 24 30 31
550000 37 76 42 24 30 31
550000 37 76 42 25 26 29
550000 37 76 42 25 29 32
550000 37 76 42 25 29 32
550000 37 76 42 25 31 33
550000 37 76 42 25 32 31
550000 37 76 42 26 26 31
550000 37 76 42 26 26 31
550000 37 76 42 26 28 31
550000 37 76 42 26 28 34
550000 37 76 42 27 26 30
550000 37 76 42 27 29 32
550000 37 76 42 30 26 30
550000 37 76 42 30 30 31
550000 37 76 43 24 26 29
550000 37 76 43 24 26 30
550000 37 76 43 24 26 32
550000 37 76 43 24 26 35
550000 37 76 43 24 27 31
550000 37 76 43 24 28 28
550000 37 76 43 24 29 31
550000 37 76 43 24 29 32
550000 37 76 43 24 30 30
550000 37 76 43 24 30 31
550000 37 76 43 24 31 29
550000 37 76 43 25 26 30
550000 37 76 43 25 26 31
550000 37 76 43 25 26 32
550000 37 76 43 25 28 33
550000 37 76 43 25 31 31
550000 37 76 43 25 32 30
550000 37 76 43 25 32 32
550000 37 76 43 26 27 31
550000 37 76 43 26 32 34
550000 37 76 43 26 33 30
550000 37 76 44 24 30 33
550000 37 76 44 25 26 30
550000 37 76 45 24 33 33
550000 37 76 46 24 27 32
550000 37 77 42 24 27 32
550000 37 77 42 24 29 29
550000 37 77 42 24 29 30
550000 37 77 42 24 30 31
550000 37 77 42 24 30 33
550000 37 77 42 24 31 30
550000 37 77 42 24 31 31
550000 37 77 42 25 27 33
550000 37 77 42 25 29 31
550000 37 77 42 25 31 30
550000 37 77 42 25 31 30
550000 37 77 42 25 31 31
550000 37 77 42 25 31 31
550000 37 77 42 26 28 31
550000 37 77 42 26 28 32
550000 37 77 42 26 30 29
550000 37 77 42 27 28 31
550000 37 77 42 27 29 31
550000 37 77 42 27 31 32
550000 37 77 42 33 26 31
550000 37 77 43 24 26 31
550000 37 77 43 24 26 33
550000 37 77 43 24 26 34
550000 37 77 43 24 28 30
550000 37 77 43 25 27 32
550000 37 77 43 25 31 31
550000 37 77 43 27 28 30
550000 37 77 43 27 30 30
550000 37 77 43 30 26 33
550000 37 77 43 30 29 32
550000 37 78 42 26 26 31
550000 37 82 42 24 27 31
600000 40 83 46 26 30 32
600000 41 82 46 27 28 33
600000 41 82 47 27 28 34
600000 41 83 46 26 28 31
600000 41 83 46 26 28 32
600000 41 83 46 26 28 34
600000 41 83 46 26 28 37
600000 41 83 46 26 29 31
600000 41 83 46 26 29 32
600000 41 83 46 26 29 32
600000 41 83 46 26 29 34
600000 41 83 46 26 30 34
600000 41 83 46 26 30 34
600000 41 83 46 26 30 35
600000 41 83 46 26 30 35
600000 41 83 46 26 30 36
600000 41 83 46 26 31 32
600000 41 83 46 26 31 33
600000 41 83 46 26 31 33
600000 41 83 46 26 31 34
600000 41 83 46 26 31 34
600000 41 83 46 26 31 39
600000 41 83 46 26 32 31
600000 41 83 46 26 32 31
600000 41 83 46 26 32 32
600000 41 83 46 26 32 32
600000 41 83 46 26 32 33
600000 41 83 46 26 32 33
600000 41 83 46 26 32 34
600000 41 83 46 26 32 37
600000 41 83 46 26 33 32
600000 41 83 46 26 34 32
600000 41 83 46 26 34 33
600000 41 83 46 26 34 33
600000 41 83 46 26 34 34
600000 41 83 46 26 34 40
600000 41 83 46 26 35 34
600000 41 83 46 27 28 31
600000 41 83 46 27 28 33
600000 41 83 46 27 28 35
600000 41 83 46 27 28 35
600000 41 83 46 27 29 30
600000 41 83 46 27 29 31
600000 41 83 46 27 29 31
600000 41 83 46 27 29 33
600000 41 83 46 27 29 34
600000 41 83 46 27 30 32
600000 41 83 46 27 30 33
600000 41 83 46 27 31 31
600000 41 83 46 27 31 32
600000 41 83 46 27 31 33
600000 41 83 46 27 31 34
600000 41 83 46 27 31 34
600000 41 83 46 27 31 34
600000 41 83 46 27 31 34
600000 41 83 46 27 32 32
600000 41 83 46 27 32 33
600000 41 83 46 27 32 33
600000 41 83 46 27 32 33
600000 41 83 46 27 33 32
600000 41 83 46 27 33 32
600000 41 83 46 27 33 33
600000 41 83 46 27 33 34
600000 41 83 46 27 33 36
600000 41 83 46 28 28 34
600000 41 83 46 28 29 32
600000 41 83 46 28 31 33
600000 41 83 46 28 36 34
600000 41 83 46 29 28 31
600000 41 83 46 29 30 34
600000 41 83 46 29 30 35
600000 41 83 46 30 28 33
600000 41 83 46 30 28 37
600000 41 83 46 30 29 37
600000 41 83 46 30 39 32
600000 41 83 46 31 36 31
600000 41 83 46 32 31 34
600000 41 83 46 33 34 33
600000 41 83 46 37 29 34
600000 41 83 47 27 30 37
600000 41 83 48 27 28 34
600000 41 83 49 26 29 34
600000 41 83 49 26 31 33
600000 41 83 49 27 28 35
600000 41 83 49 27 32 33
600000 41 83 50 31 31 32
600000 41 84 46 27 31 34
600000 41 84 46 27 34 33
600000 41 84 46 32 32 32
600000 41 87 46 26 34 32
650000 44 90 50 29 30 35
650000 44 91 50 29 30 34
650000 44 91 50 29 31 36
650000 44 91 50 29 31 36
650000 44 91 50 29 31 40
650000 44 91 50 37 35 35
650000 45 90 50 28 34 37
650000 45 90 50 29 30 35
650000 45 90 50 29 31 33
650000 45 90 50 29 31 36
650000 45 90 50 29 31 37
650000 45 90 50 29 32 35
650000 45 90 50 29 32 35
650000 45 90 50 29 32 35
650000 45 90 50 29 32 37
650000 45 90 50 29 32 37
650000 45 90 50 29 32 38
650000 45 90 50 29 32 40
650000 45 90 50 29 33 33
650000 45 90 50 29 33 35
650000 45 90 50 29 33 38
650000 45 90 50 29 34 35
650000 45 90 50 29 34 36
650000 45 90 50 29 35 33
650000 45 90 50 29 35 33
650000 45 90 50 29 35 35
650000 45 90 50 29 35 37
650000 45 90 50 29 36 34
650000 45 90 50 29 36 36
650000 45 90 50 29 36 36
650000 45 90 50 29 36 38
650000 45 90 50 29 36 39
650000 45 90 50 29 36 39
650000 45 90 50 29 37 36
650000 45 90 50 29 38 35
650000 45 90 50 29 39 36
650000 45 90 50 30 33 35
650000 45 90 50 30 34 35
650000 45 90 50 30 36 38
650000 45 90 50 30 37 37
650000 45 90 50 31 37 33
650000 45 90 50 34 31 33
650000 45 90 50 34 36 34
650000 45 90 50 38 31 34
650000 45 90 51 29 31 37
650000 45 90 51 30 32 37
650000 45 90 52 29 32 35
650000 45 90 52 30 35 35
650000 45 90 53 29 31 34
650000 45 90 53 29 33 36
650000 45 90 53 29 35 37
650000 45 90 54 29 32 37
650000 45 91 50 29 30 37
650000 45 91 50 29 30 37
650000 45 91 50 29 30 39
650000 45 91 50 29 30 41
650000 45 91 50 29 31 33
650000 45 91 50 29 31 33
650000 45 91 50 29 31 36
650000 45 91 50 29 31 36
650000 45 91 50 29 32 35
650000 45 91 50 29 32 35
650000 45 91 50 29 32 36
650000 45 91 50 29 32 40
650000 45 91 50 29 33 34
650000 45 91 50 29 33 34
650000 45 91 50 29 33 36
650000 45 91 50 29 33 37
650000 45 91 50 29 34 34
650000 45 91 50 29 34 36
650000 45 91 50 29 35 37
650000 45 91 50 29 35 37
650000 45 91 50 29 35 38
650000 45 91 50 29 35 39
650000 45 91 50 29 36 34
650000 45 91 50 29 36 36
650000 45 91 50 29 36 36
650000 45 91 50 29 36 37
650000 45 91 50 29 37 37
650000 45 91 50 31 35 39
650000 45 91 50 32 38 37
650000 45 91 50 34 34 36
650000 45 91 50 34 36 35
650000 45 91 50 35 36 41
650000 45 91 50 37 33 35
650000 45 91 50 38 34 36
650000 45 91 52 29 32 35
650000 45 91 53 35 34 36
650000 45 92 50 28 34 32
650000 45 95 50 29 34 36
700000 48 100 54 31 34 40
700000 48 98 54 31 33 35
700000 48 98 54 31 33 39
700000 48 98 54 31 33 40
700000 48 98 54 31 34 38
700000 48 98 54 31 34 39
700000 48 98 54 31 34 41
700000 48 98 54 31 35 36
700000 48 98 54 31 35 37
700000 48 98 54 31 35 39
700000 48 98 54 31 35 40
700000 48 98 54 31 36 38
700000 48 98 54 31 37 37
700000 48 98 54 31 37 40
700000 48 98 54 31 38 37
700000 48 98 54 31 38 38
700000 48 98 54 31 38 41
700000 48 98 54 31 38 41
700000 48 98 54 31 39 38
700000 48 98 54 31 40 38
700000 48 98 54 32 32 40
700000 48 98 54 32 34 35
700000 48 98 54 32 35 39
700000 48 98 54 32 35 40
700000 48 98 54 32 37 36
700000 48 98 54 32 37 40
700000 48 98 54 32 39 42
700000 48 98 54 32 40 42
700000 48 98 54 33 33 40
700000 48 98 54 33 39 41
700000 48 98 54 35 33 37
700000 48 98 54 37 35 39
700000 48 98 54 37 38 38
700000 48 98 55 31 34 37
700000 48 98 55 33 34 43
700000 48 98 55 38 32 38
700000 48 98 56 31 33 41
700000 48 98 56 37 33 42
700000 48 98 57 31 36 37
700000 48 98 58 31 33 39
700000 48 98 58 31 34 35
700000 48 99 54 31 33 39
700000 48 99 54 31 34 39
700000 48 99 54 31 35 37
700000 48 99 54 31 35 40
700000 48 99 54 31 37 37
700000 48 99 54 31 38 37
700000 48 99 54 31 38 40
700000 48 99 54 31 39 39
700000 48 99 54 32 33 39
700000 48 99 54 32 33 42
700000 48 99 54 32 33 42
700000 48 99 55 31 36 38
700000 49 101 54 31 32 38
700000 49 98 54 31 33 35
700000 49 98 54 31 34 39
700000 49 98 54 31 34 39
700000 49 98 54 31 34 44
700000 49 98 54 31 34 47
700000 49 98 54 31 36 36
700000 49 98 54 31 36 38
700000 49 98 54 31 36 39
700000 49 98 54 31 37 36
700000 49 98 54 31 37 37
700000 49 98 54 31 37 37
700000 49 98 54 31 37 37
700000 49 98 54 31 37 38
700000 49 98 54 31 38 38
700000 49 98 54 31 39 38
700000 49 98 54 31 39 44
700000 49 98 54 31 41 35
700000 49 98 54 32 33 37
700000 49 98 54 32 34 40
700000 49 98 54 32 36 41
700000 49 98 54 32 38 41
700000 49 98 54 33 33 35
700000 49 98 54 44 34 37
700000 49 98 55 31 39 40
700000 49 98 55 32 35 39
700000 49 98 55 33 36 36
700000 49 98 56 31 33 39
700000 49 98 56 32 36 36
700000 49 98 57 32 38 39
700000 49 99 54 31 34 37
700000 49 99 54 31 36 39
700000 49 99 54 31 38 39
700000 49 99 54 31 40 40
700000 49 99 54 38 35 37
700000 49 99 55 31 36 37
700000 50 98 54 31 33 36
750000 52 105 58 33 36 41
750000 52 105 58 33 40 39
750000 52 105 58 33 40 41
750000 52 105 58 33 41 47
750000 52 105 58 34 35 38
750000 52 105 58 34 36 37
750000 52 105 58 34 36 40
750000 52 105 58 34 36 41
750000 52 105 58 34 36 43
750000 52 105 58 34 37 42
750000 52 105 58 34 38 40
750000 52 105 58 34 38 42
750000 52 105 58 34 38 42
750000 52 105 58 34 39 40
750000 52 105 58 34 39 43
750000 52 105 58 34 40 42
750000 52 105 58 34 41 40
750000 52 105 58 34 41 42
750000 52 105 58 34 42 40
750000 52 105 58 34 43 41
750000 52 105 58 35 36 44
750000 52 105 59 34 40 40
750000 52 105 59 34 41 40
750000 52 105 59 34 42 43
750000 52 105 59 34 42 48
750000 52 105 59 34 44 45
750000 52 105 59 35 35 41
750000 52 105 59 40 37 41
750000 52 105 61 33 35 42
750000 52 105 61 34 41 41
750000 52 105 62 34 38 38
750000 52 106 58 33 41 45
750000 52 106 58 33 42 42
750000 52 106 58 33 44 39
750000 52 106 58 34 35 38
750000 52 106 58 34 36 39
750000 52 106 58 34 36 41
750000 52 106 58 34 36 41
750000 52 106 58 34 36 42
750000 52 106 58 34 36 43
750000 52 106 58 34 36 45
750000 52 106 58 34 37 42
750000 52 106 58 34 37 42
750000 52 106 58 34 37 50
750000 52 106 58 34 38 40
750000 52 106 58 34 38 40
750000 52 106 58 34 38 40
750000 52 106 58 34 38 42
750000 52 106 58 34 38 42
750000 52 106 58 34 39 42
750000 52 106 58 34 39 42
750000 52 106 58 34 39 42
750000 52 106 58 34 40 39
750000 52 106 58 34 40 41
750000 52 106 58 34 40 44
750000 52 106 58 34 40 44
750000 52 106 58 34 41 39
750000 52 106 58 34 41 40
750000 52 106 58 34 41 40
750000 52 106 58 34 41 41
750000 52 106 58 34 41 45
750000 52 106 58 34 42 40
750000 52 106 58 34 42 42
750000 52 106 58 34 42 44
750000 52 106 58 34 43 46
750000 52 106 58 35 37 38
750000 52 106 58 35 39 39
750000 52 106 58 36 39 39
750000 52 106 58 36 39 44
750000 52 106 58 38 37 44
750000 52 106 58 42 37 41
750000 52 106 59 33 37 43
750000 52 106 59 33 38 40
750000 52 106 59 34 36 41
750000 52 106 59 34 37 43
750000 52 106 59 34 38 42
750000 52 106 59 34 39 44
750000 52 106 59 34 40 41
750000 52 106 59 34 43 41
750000 52 106 59 36 39 39
750000 52 106 59 36 39 39
750000 52 106 59 41 41 38
750000 52 106 61 41 42 39
750000 52 106 63 35 40 43
750000 52 107 58 34 36 41
750000 52 107 58 34 36 44
750000 52 107 59 34 44 39
750000 52 109 58 34 36 42
750000 53 105 58 33 36 42
750000 53 106 58 33 36 39
800000 56 112 62 36 38 44
800000 56 112 62 36 43 43
800000 56 112 62 38 44 45
800000 56 112 63 36 39 44
800000 56 112 69 42 43 42
800000 56 113 62 36 38 40
800000 56 113 62 36 38 42
800000 56 113 62 36 38 43
800000 56 113 62 36 38 43
800000 56 113 62 36 38 44
800000 56 113 62 36 38 48
800000 56 113 62 36 39 41
800000 56 113 62 36 39 42
800000 56 113 62 36 39 43
800000 56 113 62 36 39 43
800000 56 113 62 36 39 43
800000 56 113 62 36 39 44
800000 56 113 62 36 39 44
800000 56 113 62 36 39 45
800000 56 113 62 36 40 41
800000 56 113 62 36 40 43
800000 56 113 62 36 40 44
800000 56 113 62 36 40 45
800000 56 113 62 36 40 45
800000 56 113 62 36 40 45
800000 56 113 62 36 40 45
800000 56 113 62 36 41 45
800000 56 113 62 36 41 46
800000 56 113 62 36 42 40
800000 56 113 62 36 42 41
800000 56 113 62 36 42 41
800000 56 113 62 36 42 43
800000 56 113 62 36 42 46
800000 56 113 62 36 43 42
800000 56 113 62 36 43 43
800000 56 113 62 36 43 44
800000 56 113 62 36 43 45
800000 56 113 62 36 43 46
800000 56 113 62 36 43 47
800000 56 113 62 36 44 43
800000 56 113 62 36 44 44
800000 56 113 62 36 44 45
800000 56 113 62 36 44 47
800000 56 113 62 36 45 44
800000 56 113 62 36 45 45
800000 56 113 62 37 38 43
800000 56 113 62 37 38 43
800000 56 113 62 37 38 45
800000 56 113 62 37 39 42
800000 56 113 62 37 43 46
800000 56 113 62 38 40 47
800000 56 113 62 38 42 43
800000 56 113 62 38 43 41
800000 56 113 62 38 44 43
800000 56 113 62 38 46 42
800000 56 113 62 39 39 41
800000 56 113 62 39 44 41
800000 56 113 62 42 38 40
800000 56 113 62 42 38 48
800000 56 113 62 45 38 44
800000 56 113 62 52 39 45
800000 56 113 63 36 38 41
800000 56 113 63 36 39 39
800000 56 113 63 36 39 43
800000 56 113 63 36 40 41
800000 56 113 63 36 40 42
800000 56 113 63 36 40 43
800000 56 113 63 36 40 44
800000 56 113 63 36 40 45
800000 56 113 63 36 40 45
800000 56 113 63 36 41 42
800000 56 113 63 36 41 45
800000 56 113 63 36 42 41
800000 56 113 63 36 42 43
800000 56 113 63 36 43 43
800000 56 113 63 36 43 45
800000 56 113 63 36 43 48
800000 56 113 63 37 41 42
800000 56 113 63 37 41 44
800000 56 113 63 38 40 45
800000 56 113 63 38 43 45
800000 56 113 63 39 39 42
800000 56 113 63 39 41 41
800000 56 113 63 42 41 45
800000 56 113 64 36 43 44
800000 56 113 64 46 41 45
800000 56 113 65 36 38 45
800000 56 114 62 37 41 43
800000 56 115 62 36 40 41
800000 57 113 70 36 45 42
850000 60 119 66 38 40 45
850000 60 119 66 38 42 51
850000 60 119 66 38 44 46
850000 60 119 66 38 44 47
850000 60 119 66 39 40 46
850000 60 119 66 39 43 45
850000 60 119 67 38 48 49
850000 60 119 67 38 49 46
850000 60 119 68 40 41 47
850000 60 119 69 38 41 47
850000 60 119 69 38 48 47
850000 60 120 66 38 40 46
850000 60 120 66 38 40 47
850000 60 120 66 38 40 47
850000 60 120 66 38 41 45
850000 60 120 66 38 41 45
850000 60 120 66 38 41 47
850000 60 120 66 38 42 45
850000 60 120 66 38 42 46
850000 60 120 66 38 42 47
850000 60 120 66 38 42 47
850000 60 120 66 38 42 48
850000 60 120 66 38 43 43
850000 60 120 66 38 43 44
850000 60 120 66 38 43 45
850000 60 120 66 38 43 46
850000 60 120 66 38 43 46
850000 60 120 66 38 44 43
850000 60 120 66 38 44 46
850000 60 120 66 38 44 49
850000 60 120 66 38 45 45
850000 60 120 66 38 45 45
850000 60 120 66 38 45 48
850000 60 120 66 38 45 48
850000 60 120 66 38 45 49
850000 60 120 66 38 46 42
850000 60 120 66 38 46 45
850000 60 120 66 38 49 46
850000 60 120 66 38 50 48
850000 60 120 66 39 40 44
850000 60 120 66 39 40 48
850000 60 120 66 39 41 43
850000 60 120 66 39 41 45
850000 60 120 66 39 41 47
850000 60 120 66 39 42 46
850000 60 120 66 39 43 52
850000 60 120 66 39 44 45
850000 60 120 66 39 44 46
850000 60 120 66 39 44 47
850000 60 120 66 39 45 45
850000 60 120 66 39 45 48
850000 60 120 66 39 46 47
850000 60 120 66 39 48 48
850000 60 120 66 40 40 48
850000 60 120 66 40 42 48
850000 60 120 66 40 45 44
850000 60 120 66 40 45 46
850000 60 120 66 41 42 47
850000 60 120 66 41 45 45
850000 60 120 66 41 45 49
850000 60 120 66 44 40 46
850000 60 120 66 44 41 46
850000 60 120 66 45 45 42
850000 60 120 66 47 40 49
850000 60 120 66 47 43 48
850000 60 120 66 50 45 48
850000 60 120 66 53 42 48
850000 60 120 67 38 42 42
850000 60 120 67 38 43 45
850000 60 120 67 38 45 43
850000 60 120 67 38 45 45
850000 60 120 67 38 45 50
850000 60 120 67 38 48 48
850000 60 120 67 39 41 45
850000 60 120 67 39 44 51
850000 60 120 67 44 44 45
850000 60 120 68 38 43 44
850000 60 120 69 38 44 49
850000 60 120 69 40 44 42
850000 60 120 69 44 43 46
850000 60 120 69 45 48 43
850000 60 120 71 41 45 44
850000 60 121 66 40 40 42
850000 60 121 67 38 44 48
850000 60 121 67 39 41 47
850000 60 121 69 38 40 44
850000 60 122 66 38 46 48
850000 61 120 66 38 41 51
850000 61 120 67 38 46 44
850000 61 124 66 38 44 47
900000 64 125 70 40 43 52
900000 64 126 69 40 42 47
900000 64 126 69 40 46 47
900000 64 126 69 41 49 48
900000 64 126 69 41 49 48
900000 64 126 70 40 42 47
900000 64 126 70 40 42 49
900000 64 126 70 40 42 49
900000 64 126 70 40 43 46
900000 64 126 70 40 43 47
900000 64 126 70 40 43 47
900000 64 126 70 40 43 48
900000 64 126 70 40 43 49
900000 64 126 70 40 43 49
900000 64 126 70 40 43 49
900000 64 126 70 40 44 46
900000 64 126 70 40 44 48
900000 64 126 70 40 45 45
900000 64 126 70 40 45 47
900000 64 126 70 40 45 47
900000 64 126 70 40 45 47
900000 64 126 70 40 45 48
900000 64 126 70 40 45 50
900000 64 126 70 40 45 50
900000 64 126 70 40 46 45
900000 64 126 70 40 46 47
900000 64 126 70 40 46 51
900000 64 126 70 40 47 47
900000 64 126 70 40 47 48
900000 64 126 70 40 48 45
900000 64 126 70 40 48 47
900000 64 126 70 40 48 48
900000 64 126 70 40 48 49
900000 64 126 70 40 48 50
900000 64 126 70 40 48 54
900000 64 126 70 40 49 46
900000 64 126 70 40 52 46
900000 64 126 70 41 43 45
900000 64 126 70 41 43 46
900000 64 126 70 41 43 49
900000 64 126 70 41 43 49
900000 64 126 70 41 44 48
900000 64 126 70 41 45 45
900000 64 126 70 41 45 45
900000 64 126 70 41 45 50
900000 64 126 70 41 46 51
900000 64 126 70 41 46 52
900000 64 126 70 41 47 50
900000 64 126 70 41 48 45
900000 64 126 70 41 48 46
900000 64 126 70 41 48 48
900000 64 126 70 41 48 51
900000 64 126 70 41 50 47
900000 64 126 70 42 42 50
900000 64 126 70 42 45 46
900000 64 126 70 42 49 49
900000 64 126 70 43 43 47
900000 64 126 70 45 47 47
900000 64 126 70 46 45 45
900000 64 126 70 46 45 50
900000 64 126 70 46 48 47
900000 64 126 70 47 44 48
900000 64 126 70 47 47 45
900000 64 126 70 47 47 47
900000 64 126 70 48 42 51
900000 64 126 70 49 44 45
900000 64 126 70 50 48 47
900000 64 126 70 58 48 53
900000 64 126 71 41 44 49
900000 64 126 72 40 45 48
900000 64 126 72 47 42 46
900000 64 126 73 40 45 45
900000 64 126 73 41 44 46
900000 64 126 74 47 46 51
900000 64 127 70 40 42 46
900000 64 127 70 40 43 45
900000 64 127 70 40 44 49
900000 64 127 70 40 46 46
900000 64 127 70 40 47 49
900000 64 127 70 41 45 52
900000 64 127 70 41 46 45
900000 64 127 70 43 43 52
900000 64 127 70 43 44 47
900000 64 127 70 43 47 49
900000 64 127 70 49 43 48
900000 64 127 73 40 49 44
900000 64 127 73 41 46 50
900000 65 126 70 41 50 48
900000 65 126 70 46 45 50
900000 65 126 73 41 42 47
950000 68 133 74 43 44 48
950000 68 133 74 43 45 48
950000 68 133 74 43 45 48
950000 68 133 74 43 45 49
950000 68 133 74 43 46 49
950000 68 133 74 43 46 49
950000 68 133 74 43 47 54
950000 68 133 74 43 48 49
950000 68 133 74 43 48 51
950000 68 133 74 43 48 52
950000 68 133 74 43 49 48
950000 68 133 74 43 49 52
950000 68 133 74 44 45 50
950000 68 133 74 49 46 52
950000 68 133 74 51 53 49
950000 68 133 74 53 45 51
950000 68 133 75 43 47 50
950000 68 133 75 43 48 50
950000 68 133 75 43 52 53
950000 68 133 75 45 47 47
950000 68 133 76 48 51 54
950000 68 133 77 43 50 50
950000 68 134 74 43 45 49
950000 68 134 74 43 45 49
950000 68 134 74 43 45 49
950000 68 134 74 43 45 50
950000 68 134 74 43 45 51
950000 68 134 74 43 45 51
950000 68 134 74 43 46 49
950000 68 134 74 43 46 51
950000 68 134 74 43 47 49
950000 68 134 74 43 47 51
950000 68 134 74 43 47 51
950000 68 134 74 43 48 48
950000 68 134 74 43 49 54
950000 68 134 74 43 49 54
950000 68 134 74 43 50 50
950000 68 134 74 43 50 50
950000 68 134 74 43 50 51
950000 68 134 74 43 50 52
950000 68 134 74 43 50 52
950000 68 134 74 43 51 51
950000 68 134 74 43 51 53
950000 68 134 74 43 52 52
950000 68 134 74 43 53 51
950000 68 134 74 43 54 49
950000 68 134 74 43 56 48
950000 68 134 74 44 45 57
950000 68 134 74 44 47 49
950000 68 134 74 44 48 51
950000 68 134 74 44 50 49
950000 68 134 74 44 51 47
950000 68 134 74 44 51 50
950000 68 134 74 45 46 49
950000 68 134 74 45 48 57
950000 68 134 74 46 50 52
950000 68 134 74 47 48 56
950000 68 134 74 52 46 49
950000 68 134 74 52 49 51
950000 68 134 74 66 46 52
950000 68 134 75 43 47 50
950000 68 134 75 43 50 48
950000 68 134 75 43 50 51
950000 68 134 75 43 51 52
950000 68 134 75 49 48 50
950000 68 134 76 43 49 49
950000 68 134 77 43 49 48
950000 68 134 77 49 47 51
950000 68 135 74 43 45 53
950000 68 135 74 43 45 54
950000 68 135 74 43 48 49
950000 68 135 74 43 48 51
950000 68 135 74 43 49 49
950000 68 135 74 43 50 50
950000 68 135 74 43 50 50
950000 68 135 74 43 55 49
950000 68 135 74 44 49 53
950000 68 135 74 49 49 53
950000 68 135 75 43 49 50
950000 68 135 75 44 48 49
950000 68 135 76 43 49 52
950000 68 135 77 43 48 49
950000 68 135 79 43 49 50
950000 68 136 74 43 47 50
950000 68 138 75 46 47 50
950000 69 133 74 43 48 51
950000 69 134 74 44 52 50
950000 69 134 74 49 46 52
950000 69 134 75 43 46 54
950000 69 135 74 43 45 49
1000000 71 141 78 45 51 51
1000000 71 141 78 46 49 52
1000000 71 141 78 46 50 53
1000000 71 141 78 47 51 53
1000000 71 141 78 49 55 53
1000000 71 141 79 45 50 53
1000000 71 141 79 45 51 50
1000000 71 141 79 46 50 57
1000000 71 141 79 46 51 54
1000000 71 141 79 46 53 52
1000000 71 141 79 46 57 55
1000000 71 141 79 49 51 57
1000000 71 141 79 56 49 51
1000000 71 142 78 45 50 56
1000000 71 142 78 45 54 54
1000000 71 142 78 45 55 52
1000000 71 142 78 45 55 54
1000000 71 142 78 46 49 52
1000000 71 142 78 46 50 55
1000000 71 142 78 46 50 59
1000000 71 142 78 46 51 56
1000000 71 142 78 46 52 56
1000000 71 142 78 46 52 56
1000000 71 142 78 52 51 54
1000000 71 142 79 45 48 52
1000000 71 142 79 45 51 50
1000000 71 142 79 45 52 52
1000000 71 142 79 46 47 52
1000000 71 142 79 46 48 49
1000000 71 142 79 46 49 51
1000000 71 142 79 46 49 52
1000000 71 142 79 46 49 53
1000000 71 142 79 46 50 57
1000000 71 142 79 46 51 55
1000000 71 142 79 46 52 58
1000000 71 142 79 46 54 51
1000000 71 142 79 46 56 52
1000000 71 142 79 49 51 53
1000000 71 142 79 49 58 57
1000000 71 142 80 45 50 54
1000000 71 142 81 47 49 52
1000000 71 149 79 46 49 50
1000000 72 141 78 46 48 52
1000000 72 141 78 46 53 54
1000000 72 141 79 45 49 53
1000000 72 141 79 45 53 51
1000000 72 141 79 46 48 55
1000000 72 141 79 46 49 54
1000000 72 141 79 46 49 56
1000000 72 141 79 46 51 53
1000000 72 141 79 46 51 57
1000000 72 141 79 48 52 53
1000000 72 141 79 48 54 51
1000000 72 142 78 45 48 51
1000000 72 142 78 45 48 56
1000000 72 142 78 45 51 52
1000000 72 142 78 46 48 53
1000000 72 142 78 46 48 54
1000000 72 142 78 46 49 51
1000000 72 142 78 46 49 55
1000000 72 142 78 46 49 55
1000000 72 142 78 46 50 51
1000000 72 142 78 46 50 51
1000000 72 142 78 46 50 52
1000000 72 142 78 46 50 52
1000000 72 142 78 46 50 53
1000000 72 142 78 46 51 52
1000000 72 142 78 46 51 53
1000000 72 142 78 46 51 53
1000000 72 142 78 46 52 51
1000000 72 142 78 51 51 51
1000000 72 142 79 45 49 55
1000000 72 142 79 45 50 57
1000000 72 142 79 45 50 58
1000000 72 142 79 45 52 52
1000000 72 142 79 45 52 55
1000000 72 142 79 46 47 52
1000000 72 142 79 46 47 54
1000000 72 142 79 46 48 54
1000000 72 142 79 46 49 49
1000000 72 142 79 46 50 53
1000000 72 142 79 46 52 51
1000000 72 142 79 46 58 53
1000000 72 142 79 48 55 57
1000000 72 142 79 54 48 51
1000000 72 142 80 46 56 52
1000000 72 142 81 45 53 53
1000000 72 142 83 70 56 55
1000000 72 143 79 46 52 53
1000000 72 144 81 46 50 51
1050000 75 148 82 49 52 53
1050000 75 148 83 48 52 55
1050000 75 149 82 47 50 54
1050000 75 149 82 47 52 54
1050000 75 149 82 48 50 56
1050000 75 149 82 48 51 53
1050000 75 149 82 48 51 57
1050000 75 149 82 48 51 58
1050000 75 149 82 48 51 59
1050000 75 149 82 48 52 53
1050000 75 149 82 48 52 56
1050000 75 149 82 48 52 56
1050000 75 149 82 48 52 58
1050000 75 149 82 48 52 61
1050000 75 149 82 48 53 53
1050000 75 149 82 48 53 53
1050000 75 149 82 48 54 55
1050000 75 149 82 48 54 56
1050000 75 149 82 48 55 54
1050000 75 149 82 48 55 54
1050000 75 149 82 48 55 54
1050000 75 149 82 48 55 55
1050000 75 149 82 48 55 58
1050000 75 149 82 48 55 59
1050000 75 149 82 48 55 59
1050000 75 149 82 48 56 59
1050000 75 149 82 48 57 58
1050000 75 149 82 48 58 53
1050000 75 149 82 48 58 56
1050000 75 149 82 48 58 56
1050000 75 149 82 48 58 58
1050000 75 149 82 48 59 58
1050000 75 149 82 49 50 54
1050000 75 149 82 49 52 56
1050000 75 149 82 49 56 54
1050000 75 149 82 50 53 56
1050000 75 149 82 50 56 56
1050000 75 149 82 51 52 57
1050000 75 149 82 53 52 54
1050000 75 149 83 47 58 55
1050000 75 149 83 48 50 57
1050000 75 149 83 48 51 57
1050000 75 149 83 48 51 59
1050000 75 149 83 48 52 54
1050000 75 149 83 48 52 54
1050000 75 149 83 48 52 55
1050000 75 149 83 48 53 53
1050000 75 149 83 48 53 54
1050000 75 149 83 48 53 55
1050000 75 149 83 48 53 56
1050000 75 149 83 48 53 59
1050000 75 149 83 48 54 55
1050000 75 149 83 48 54 56
1050000 75 149 83 48 55 53
1050000 75 149 83 48 55 62
1050000 75 149 83 48 56 54
1050000 75 149 83 48 58 53
1050000 75 149 83 48 58 56
1050000 75 149 83 49 54 59
1050000 75 149 83 50 51 53
1050000 75 149 83 50 51 54
1050000 75 149 83 57 54 52
1050000 75 149 84 49 55 54
1050000 75 149 85 48 52 54
1050000 75 149 85 48 52 56
1050000 75 149 85 48 54 53
1050000 75 149 85 48 54 53
1050000 75 149 85 48 55 53
1050000 75 149 89 50 50 54
1050000 75 150 82 48 54 52
1050000 75 150 82 48 58 53
1050000 75 150 83 48 51 53
1050000 75 150 83 49 51 55
1050000 75 151 82 48 54 55
1050000 75 151 84 48 55 55
1050000 75 152 83 48 53 56
1050000 75 159 83 48 52 55
1050000 76 149 82 48 49 56
1050000 76 149 82 48 52 56
1050000 76 149 82 48 53 55
1050000 76 149 82 48 54 56
1050000 76 149 82 48 59 56
1050000 76 149 83 48 50 54
1050000 76 149 83 48 53 55
1050000 76 149 83 48 53 59
1050000 76 149 84 49 54 57
1050000 76 150 82 48 52 57
1050000 76 150 82 49 51 54
1050000 76 150 83 53 52 54
1050000 79 149 83 52 55 53
1100000 79 157 87 51 53 55
1100000 79 157 87 51 53 59
1100000 79 157 87 51 54 63
1100000 79 157 87 51 56 61
1100000 79 157 87 51 57 58
1100000 79 157 87 51 58 54
1100000 79 157 87 51 58 56
1100000 79 157 87 53 53 57
1100000 79 157 88 51 53 56
1100000 79 157 88 51 55 58
1100000 79 157 88 51 57 59
1100000 79 157 88 51 58 58
1100000 79 157 88 51 59 56
1100000 79 157 88 52 56 57
1100000 79 157 88 53 58 65
1100000 79 157 88 57 58 56
1100000 79 158 87 50 54 57
1100000 79 158 87 50 56 59
1100000 79 158 87 51 55 56
1100000 79 158 87 51 55 56
1100000 79 158 87 51 55 58
1100000 79 158 87 51 55 58
1100000 79 158 87 51 56 56
1100000 79 158 87 51 56 60
1100000 79 158 87 51 58 56
1100000 79 158 87 51 58 60
1100000 79 158 87 51 59 57
1100000 79 158 87 51 60 54
1100000 79 158 87 51 61 56
1100000 79 158 87 53 59 56
1100000 79 158 87 54 59 58
1100000 79 158 87 56 54 57
1100000 79 158 87 59 54 60
1100000 79 158 88 50 58 65
1100000 79 158 88 51 53 60
1100000 79 158 88 51 55 59
1100000 79 158 88 51 55 60
1100000 79 158 88 51 55 60
1100000 79 158 88 51 56 57
1100000 79 158 88 51 56 58
1100000 79 158 88 51 56 62
1100000 79 158 88 51 57 59
1100000 79 158 88 51 57 61
1100000 79 158 88 51 57 63
1100000 79 158 88 51 58 56
1100000 79 158 88 51 58 61
1100000 79 158 88 51 58 61
1100000 79 158 88 51 58 62
1100000 79 158 88 51 58 62
1100000 79 158 88 51 58 63
1100000 79 158 88 51 59 59
1100000 79 158 88 51 61 59
1100000 79 158 88 51 62 57
1100000 79 158 88 52 58 60
1100000 79 158 88 52 60 60
1100000 79 158 88 53 58 57
1100000 79 158 88 54 55 56
1100000 79 158 88 54 57 59
1100000 79 158 88 56 56 61
1100000 79 158 88 65 56 58
1100000 79 158 90 52 61 63
1100000 79 158 91 51 54 57
1100000 79 159 87 50 57 56
1100000 79 159 87 51 53 57
1100000 79 159 87 51 53 62
1100000 79 159 87 51 56 55
1100000 79 159 87 51 57 57
1100000 79 159 87 51 58 56
1100000 79 159 87 51 58 58
1100000 79 159 87 51 59 58
1100000 79 159 87 53 62 58
1100000 79 159 88 51 56 56
1100000 79 159 88 51 56 57
1100000 79 159 88 51 56 59
1100000 79 159 88 51 56 62
1100000 79 159 88 51 57 59
1100000 79 159 88 51 58 58
1100000 79 159 88 52 55 60
1100000 79 159 88 53 54 57
1100000 79 160 87 52 59 59
1100000 79 160 88 50 58 59
1100000 79 160 88 54 55 56
1100000 79 168 88 51 53 56
1100000 80 158 87 51 58 58
1100000 80 158 87 60 59 60
1100000 80 158 88 51 53 57
1100000 80 158 90 51 60 56
1100000 80 159 88 51 55 57
1100000 80 161 90 51 62 61
1100000 81 158 87 51 59 59
1150000 83 164 91 53 54 58
1150000 83 164 91 53 55 61
1150000 83 164 91 53 55 63
1150000 83 164 91 53 57 58
1150000 83 164 91 53 57 60
1150000 83 164 91 53 57 60
1150000 83 164 91 53 57 63
1150000 83 164 91 53 58 59
1150000 83 164 91 53 58 60
1150000 83 164 91 53 58 63
1150000 83 164 91 53 59 59
1150000 83 164 91 53 59 59
1150000 83 164 91 53 59 61
1150000 83 164 91 53 60 57
1150000 83 164 91 53 60 60
1150000 83 164 91 53 60 60
1150000 83 164 91 53 61 61
1150000 83 164 91 53 61 62
1150000 83 164 91 53 61 63
1150000 83 164 91 53 62 61
1150000 83 164 91 53 64 62
1150000 83 164 91 54 56 60
1150000 83 164 91 55 60 62
1150000 83 164 91 59 55 61
1150000 83 164 91 61 59 69
1150000 83 164 91 65 55 57
1150000 83 164 91 73 59 60
1150000 83 164 92 53 55 63
1150000 83 164 92 53 60 59
1150000 83 164 92 53 62 64
1150000 83 164 92 53 63 58
1150000 83 164 92 53 66 59
1150000 83 164 92 53 66 59
1150000 83 164 92 54 59 60
1150000 83 164 92 58 59 61
1150000 83 164 92 62 56 62
1150000 83 165 91 53 55 58
1150000 83 165 91 53 57 59
1150000 83 165 91 53 58 58
1150000 83 165 91 53 58 59
1150000 83 165 91 53 58 62
1150000 83 165 91 53 58 65
1150000 83 165 91 53 59 59
1150000 83 165 91 53 59 62
1150000 83 165 91 53 59 62
1150000 83 165 91 53 59 66
1150000 83 165 91 53 60 60
1150000 83 165 91 53 60 60
1150000 83 165 91 53 61 59
1150000 83 165 91 53 61 70
1150000 83 165 91 53 62 58
1150000 83 165 91 53 62 60
1150000 83 165 91 53 62 60
1150000 83 165 91 53 62 62
1150000 83 165 91 53 63 63
1150000 83 165 91 54 56 64
1150000 83 165 91 54 58 60
1150000 83 165 91 55 56 60
1150000 83 165 91 57 63 60
1150000 83 165 91 58 64 62
1150000 83 165 91 59 59 64
1150000 83 165 91 59 61 64
1150000 83 165 92 53 56 57
1150000 83 165 92 53 58 56
1150000 83 165 92 53 59 59
1150000 83 165 92 55 56 58
1150000 83 165 92 56 58 58
1150000 83 165 92 56 58 62
1150000 83 165 93 54 58 61
1150000 83 165 93 54 62 59
1150000 83 165 93 55 61 62
1150000 83 166 91 55 60 62
1150000 83 166 93 58 65 62
1150000 83 167 91 53 65 57
1150000 83 172 92 61 58 59
1150000 84 164 91 53 55 60
1150000 84 164 91 53 56 60
1150000 84 164 91 53 58 59
1150000 84 164 91 53 58 66
1150000 84 164 91 53 59 59
1150000 84 164 91 53 60 57
1150000 84 164 92 53 63 60
1150000 84 165 91 53 58 63
1150000 84 165 91 53 58 64
1150000 84 165 91 53 59 67
1150000 84 165 91 53 60 64
1150000 84 165 91 59 61 62
1150000 84 165 92 53 61 58
1150000 84 165 94 53 58 65
1150000 85 164 91 53 57 62
1200000 87 171 94 55 59 60
1200000 87 171 94 55 61 64
1200000 87 171 94 55 62 61
1200000 87 171 94 55 64 65
1200000 87 171 95 55 57 60
1200000 87 171 95 55 58 62
1200000 87 171 95 55 58 63
1200000 87 171 95 55 58 68
1200000 87 171 95 55 59 64
1200000 87 171 95 55 59 68
1200000 87 171 95 55 60 58
1200000 87 171 95 55 60 61
1200000 87 171 95 55 60 65
1200000 87 171 95 55 61 60
1200000 87 171 95 55 61 61
1200000 87 171 95 55 61 62
1200000 87 171 95 55 61 63
1200000 87 171 95 55 62 61
1200000 87 171 95 55 62 61
1200000 87 171 95 55 62 63
1200000 87 171 95 55 62 64
1200000 87 171 95 55 62 66
1200000 87 171 95 55 62 69
1200000 87 171 95 55 64 60
1200000 87 171 95 55 65 60
1200000 87 171 95 56 61 60
1200000 87 171 95 56 63 60
1200000 87 171 95 57 67 68
1200000 87 171 95 58 60 60
1200000 87 171 95 60 61 63
1200000 87 171 95 60 62 64
1200000 87 171 95 64 71 64
1200000 87 171 96 55 58 64
1200000 87 171 96 55 58 71
1200000 87 171 96 55 60 60
1200000 87 171 96 56 63 66
1200000 87 171 96 56 65 63
1200000 87 171 96 58 61 61
1200000 87 172 94 55 58 61
1200000 87 172 94 61 62 59
1200000 87 172 95 55 57 60
1200000 87 172 95 55 57 61
1200000 87 172 95 55 58 61
1200000 87 172 95 55 58 63
1200000 87 172 95 55 58 63
1200000 87 172 95 55 58 64
1200000 87 172 95 55 59 64
1200000 87 172 95 55 60 61
1200000 87 172 95 55 60 62
1200000 87 172 95 55 61 60
1200000 87 172 95 55 61 60
1200000 87 172 95 55 61 62
1200000 87 172 95 55 61 63
1200000 87 172 95 55 61 64
1200000 87 172 95 55 61 67
1200000 87 172 95 55 62 62
1200000 87 172 95 55 62 70
1200000 87 172 95 55 63 62
1200000 87 172 95 55 63 63
1200000 87 172 95 55 63 69
1200000 87 172 95 55 64 62
1200000 87 172 95 55 64 63
1200000 87 172 95 55 64 63
1200000 87 172 95 55 64 73
1200000 87 172 95 56 59 61
1200000 87 172 95 56 60 62
1200000 87 172 95 56 62 67
1200000 87 172 95 56 66 66
1200000 87 172 95 57 60 60
1200000 87 172 95 57 62 63
1200000 87 172 95 58 61 63
1200000 87 172 95 58 63 64
1200000 87 172 96 55 66 62
1200000 87 172 97 55 62 64
1200000 87 172 97 56 67 65
1200000 87 172 98 55 62 64
1200000 87 172 98 55 65 66
1200000 87 172 98 57 68 60
1200000 87 173 95 55 57 61
1200000 87 173 95 55 57 62
1200000 87 173 95 55 59 63
1200000 87 173 95 55 61 62
1200000 87 173 95 55 63 60
1200000 87 173 95 57 60 62
1200000 87 173 96 55 62 67
1200000 87 175 95 56 60 62
1200000 88 171 103 55 58 69
1200000 88 171 98 55 66 61
1200000 88 172 95 55 58 66
1200000 88 172 95 55 60 62
1250000 91 180 100 57 63 64
1250000 91 180 100 57 65 64
1250000 91 180 100 58 60 65
1250000 91 180 100 58 63 62
1250000 91 180 100 58 63 63
1250000 91 180 100 58 64 66
1250000 91 180 100 58 65 64
1250000 91 180 100 58 65 69
1250000 91 180 102 57 66 70
1250000 91 180 102 75 63 66
1250000 91 180 103 58 69 75
1250000 91 180 99 57 61 65
1250000 91 180 99 57 64 64
1250000 91 180 99 57 64 65
1250000 91 180 99 57 64 65
1250000 91 180 99 57 64 67
1250000 91 180 99 57 64 69
1250000 91 180 99 57 65 64
1250000 91 180 99 57 65 66
1250000 91 180 99 57 66 67
1250000 91 180 99 57 69 63
1250000 91 180 99 58 60 65
1250000 91 180 99 58 61 65
1250000 91 180 99 58 62 65
1250000 91 180 99 58 62 65
1250000 91 180 99 58 63 64
1250000 91 180 99 58 63 64
1250000 91 180 99 58 63 67
1250000 91 180 99 58 63 67
1250000 91 180 99 58 64 64
1250000 91 180 99 58 65 62
1250000 91 180 99 58 65 66
1250000 91 180 99 58 66 63
1250000 91 180 99 58 66 65
1250000 91 180 99 58 66 67
1250000 91 180 99 58 66 69
1250000 91 180 99 58 70 65
1250000 91 180 99 59 63 71
1250000 91 180 99 59 66 65
1250000 91 180 99 60 62 67
1250000 91 180 99 60 63 67
1250000 91 180 99 60 65 63
1250000 91 180 99 60 65 64
1250000 91 180 99 60 67 63
1250000 91 180 99 61 65 66
1250000 91 180 99 69 71 65
1250000 91 180 99 75 66 66
1250000 91 181 100 57 64 65
1250000 91 181 100 58 61 62
1250000 91 181 100 58 62 67
1250000 91 181 100 58 62 70
1250000 91 181 100 58 63 70
1250000 91 181 101 58 64 71
1250000 91 181 101 90 61 69
1250000 91 181 102 58 59 64
1250000 91 181 102 58 66 62
1250000 91 181 104 61 63 63
1250000 91 181 99 57 63 64
1250000 91 181 99 57 65 68
1250000 91 181 99 57 66 63
1250000 91 181 99 57 66 66
1250000 91 181 99 58 60 65
1250000 91 181 99 58 61 68
1250000 91 181 99 58 62 65
1250000 91 181 99 58 64 63
1250000 91 181 99 58 64 63
1250000 91 181 99 58 64 64
1250000 91 181 99 58 64 64
1250000 91 181 99 58 64 65
1250000 91 181 99 58 64 71
1250000 91 181 99 58 65 63
1250000 91 181 99 58 65 68
1250000 91 181 99 58 65 73
1250000 91 181 99 58 66 65
1250000 91 181 99 58 67 62
1250000 91 181 99 58 67 65
1250000 91 181 99 58 68 69
1250000 91 182 100 58 63 65
1250000 91 182 99 58 62 65
1250000 91 182 99 58 64 67
1250000 91 182 99 58 64 68
1250000 91 182 99 67 64 68
1250000 91 183 102 58 63 63
1250000 92 180 100 58 64 64
1250000 92 180 99 57 62 66
1250000 92 180 99 58 63 63
1250000 92 182 99 57 64 65
1250000 92 183 99 58 61 63
1250000 93 182 99 58 64 65
1250000 94 194 100 57 60 65
1300000 105 200 103 59 64 68
1300000 95 187 102 60 62 75
1300000 95 187 103 59 65 67
1300000 95 187 103 59 68 73
1300000 95 187 103 60 62 66
1300000 95 187 103 60 62 66
1300000 95 187 103 60 63 66
1300000 95 187 103 60 63 71
1300000 95 187 103 60 63 75
1300000 95 187 103 60 64 72
1300000 95 187 103 60 65 69
1300000 95 187 103 60 65 69
1300000 95 187 103 60 65 70
1300000 95 187 103 60 66 65
1300000 95 187 103 60 66 66
1300000 95 187 103 60 67 66
1300000 95 187 103 60 67 66
1300000 95 187 103 60 67 69
1300000 95 187 103 60 67 69
1300000 95 187 103 60 67 70
1300000 95 187 103 60 68 66
1300000 95 187 103 60 68 67
1300000 95 187 103 60 68 70
1300000 95 187 103 60 68 77
1300000 95 187 103 60 72 68
1300000 95 187 103 60 73 70
1300000 95 187 103 61 63 66
1300000 95 187 103 61 66 66
1300000 95 187 103 61 67 65
1300000 95 187 103 61 67 68
1300000 95 187 103 62 67 68
1300000 95 187 103 63 63 67
1300000 95 187 103 63 65 66
1300000 95 187 103 63 68 67
1300000 95 187 103 68 69 66
1300000 95 187 104 60 63 67
1300000 95 187 104 60 64 66
1300000 95 187 104 60 66 66
1300000 95 187 104 60 66 67
1300000 95 187 104 64 61 66
1300000 95 187 105 59 63 74
1300000 95 187 105 60 64 71
1300000 95 187 105 60 67 65
1300000 95 187 105 60 67 67
1300000 95 187 105 60 68 66
1300000 95 187 105 60 69 66
1300000 95 187 106 60 62 70
1300000 95 187 106 60 64 68
1300000 95 187 106 60 64 71
1300000 95 187 106 60 66 69
1300000 95 187 107 60 65 66
1300000 95 188 103 59 71 66
1300000 95 188 103 60 62 72
1300000 95 188 103 60 63 70
1300000 95 188 103 60 64 66
1300000 95 188 103 60 64 71
1300000 95 188 103 60 65 67
1300000 95 188 103 60 66 66
1300000 95 188 103 60 66 70
1300000 95 188 103 60 66 71
1300000 95 188 103 60 67 66
1300000 95 188 103 60 67 68
1300000 95 188 103 60 68 67
1300000 95 188 103 60 68 67
1300000 95 188 103 60 68 72
1300000 95 188 103 60 69 65
1300000 95 188 103 60 71 69
1300000 95 188 103 60 72 67
1300000 95 188 103 60 75 65
1300000 95 188 103 61 64 73
1300000 95 188 103 61 67 65
1300000 95 188 103 61 69 66
1300000 95 188 104 60 64 69
1300000 95 188 104 61 67 69
1300000 95 188 105 60 75 64
1300000 95 188 106 60 66 67
1300000 95 188 106 68 63 67
1300000 95 189 103 60 63 68
1300000 95 189 103 60 64 68
1300000 95 189 103 60 65 67
1300000 95 190 103 62 70 67
1300000 95 194 104 60 64 65
1300000 96 187 103 60 64 67
1300000 96 187 104 60 64 68
1300000 96 187 106 60 65 67
1300000 96 188 103 60 64 67
1300000 96 188 103 60 64 69
1300000 96 188 106 60 69 65
1300000 96 190 103 60 64 65
1300000 97 187 104 60 74 72
1350000 100 194 107 63 68 74
1350000 100 195 107 62 67 69
1350000 100 195 107 62 67 70
1350000 100 195 107 62 67 73
1350000 100 195 107 62 70 70
1350000 100 195 107 62 72 68
1350000 100 195 107 62 73 72
1350000 100 195 107 63 68 69
1350000 100 195 107 63 69 72
1350000 100 195 107 63 69 73
1350000 100 195 107 64 69 72
1350000 100 195 107 65 69 69
1350000 100 195 107 68 70 69
1350000 100 195 107 90 69 74
1350000 100 195 108 62 67 68
1350000 100 195 108 62 67 69
1350000 100 195 108 62 69 71
1350000 100 195 108 62 71 68
1350000 100 195 108 62 71 69
1350000 100 195 108 62 71 75
1350000 100 195 108 62 77 70
1350000 100 195 108 63 72 67
1350000 100 195 108 65 67 70
1350000 100 195 111 62 69 75
1350000 100 195 111 63 69 67
1350000 100 196 107 62 65 69
1350000 100 196 107 62 75 72
1350000 100 196 107 63 69 70
1350000 100 196 107 70 73 70
1350000 100 196 108 62 66 73
1350000 100 196 108 63 69 70
1350000 100 196 108 66 65 72
1350000 100 197 108 64 70 69
1350000 100 197 114 100 68 72
1350000 102 196 107 62 74 73
1350000 114 212 108 62 70 70
1350000 99 194 107 63 71 70
1350000 99 195 107 62 68 68
1350000 99 195 107 62 68 70
1350000 99 195 107 62 68 70
1350000 99 195 107 62 73 71
1350000 99 195 107 63 68 70
1350000 99 195 107 63 69 70
1350000 99 195 107 63 69 70
1350000 99 195 107 63 69 72
1350000 99 195 107 63 72 75
1350000 99 195 107 65 71 75
1350000 99 195 107 66 68 70
1350000 99 195 107 68 69 71
1350000 99 195 108 62 67 67
1350000 99 195 108 62 67 72
1350000 99 195 108 62 68 69
1350000 99 195 108 62 68 69
1350000 99 195 108 63 67 69
1350000 99 195 108 63 68 68
1350000 99 195 108 63 68 73
1350000 99 195 108 63 68 81
1350000 99 195 108 63 69 66
1350000 99 195 108 63 69 70
1350000 99 195 108 63 70 72
1350000 99 195 108 63 72 73
1350000 99 195 108 64 68 74
1350000 99 195 108 65 74 71
1350000 99 195 108 66 67 68
1350000 99 195 108 70 76 71
1350000 99 195 108 71 75 73
1350000 99 195 110 63 64 70
1350000 99 196 107 62 67 69
1350000 99 196 107 63 66 70
1350000 99 196 107 63 68 69
1350000 99 196 107 63 69 68
1350000 99 196 107 67 66 69
1350000 99 196 107 71 64 72
1350000 99 196 108 62 68 68
1350000 99 196 108 62 68 71
1350000 99 196 108 62 71 71
1350000 99 196 108 63 67 68
1350000 99 196 108 63 67 74
1350000 99 196 108 65 69 68
1350000 99 196 108 68 71 69
1350000 99 196 108 72 71 69
1350000 99 196 109 62 68 69
1350000 99 196 110 62 67 67
1350000 99 196 110 63 67 70
1350000 99 197 107 62 67 75
1350000 99 197 107 62 68 67
1350000 99 197 107 62 72 72
1350000 99 197 107 64 68 73
1350000 99 197 108 62 67 71
1350000 99 198 109 62 70 67
1400000 103 203 111 114 72 72
1400000 103 203 111 65 70 73
1400000 103 203 111 65 70 74
1400000 103 203 111 66 69 71
1400000 103 203 111 67 68 73
1400000 103 203 112 65 68 72
1400000 103 203 112 65 69 71
1400000 103 203 112 65 69 74
1400000 103 203 112 65 69 74
1400000 103 203 112 65 70 70
1400000 103 203 112 65 70 71
1400000 103 203 112 65 70 71
1400000 103 203 112 65 70 72
1400000 103 203 112 65 71 72
1400000 103 203 112 65 71 72
1400000 103 203 112 65 72 71
1400000 103 203 112 65 72 72
1400000 103 203 112 65 73 72
1400000 103 203 112 65 73 79
1400000 103 203 112 65 74 75
1400000 103 203 112 65 75 79
1400000 103 203 112 66 72 74
1400000 103 203 112 66 74 73
1400000 103 203 112 67 73 72
1400000 103 203 112 68 70 71
1400000 103 203 112 74 72 72
1400000 103 203 113 65 75 74
1400000 103 203 114 65 72 75
1400000 103 204 111 65 69 69
1400000 103 204 111 65 71 76
1400000 103 204 111 69 71 71
1400000 103 204 112 65 67 70
1400000 103 204 112 65 69 74
1400000 103 204 112 65 69 75
1400000 103 204 112 65 69 76
1400000 103 204 112 65 70 73
1400000 103 204 112 65 72 77
1400000 103 204 112 65 75 71
1400000 103 204 112 65 75 72
1400000 103 204 112 66 67 73
1400000 103 204 112 66 70 72
1400000 103 204 112 70 70 73
1400000 103 204 112 75 74 69
1400000 103 204 113 65 69 77
1400000 103 204 114 65 74 74
1400000 103 204 114 74 74 76
1400000 103 204 117 66 68 71
1400000 103 205 111 65 72 71
1400000 103 205 112 68 75 73
1400000 103 205 113 69 72 72
1400000 104 202 112 82 72 77
1400000 104 203 112 64 72 71
1400000 104 203 112 65 68 73
1400000 104 203 112 65 69 72
1400000 104 203 112 65 69 72
1400000 104 203 112 65 69 80
1400000 104 203 112 65 71 71
1400000 104 203 112 65 71 74
1400000 104 203 112 65 71 75
1400000 104 203 112 65 71 75
1400000 104 203 112 65 71 78
1400000 104 203 112 65 72 71
1400000 104 203 112 65 72 72
1400000 104 203 112 65 72 73
1400000 104 203 112 65 72 73
1400000 104 203 112 65 74 72
1400000 104 203 112 65 74 73
1400000 104 203 112 65 75 72
1400000 104 203 112 66 70 73
1400000 104 203 112 66 71 76
1400000 104 203 112 66 72 77
1400000 104 203 112 67 74 74
1400000 104 203 112 70 68 70
1400000 104 203 112 70 70 71
1400000 104 203 112 70 74 74
1400000 104 204 111 65 74 74
1400000 104 204 112 65 69 72
1400000 104 204 112 65 70 70
1400000 104 204 112 65 74 76
1400000 104 204 112 65 76 74
1400000 104 204 112 73 80 72
1400000 104 204 114 65 69 73
1400000 104 205 112 65 75 74
1400000 104 205 112 73 71 70
1400000 104 206 114 65 77 73
1400000 104 207 112 65 71 72
1400000 105 203 112 65 74 71
1400000 106 203 112 70 71 70
1400000 106 204 112 65 70 73
1400000 114 204 112 91 76 71
1450000 107 210 116 67 72 75
1450000 107 210 116 68 73 79
1450000 107 210 116 69 73 75
1450000 107 211 116 67 71 75
1450000 107 211 116 67 73 80
1450000 107 211 116 67 74 75
1450000 107 211 116 67 75 76
1450000 107 211 116 67 76 76
1450000 107 211 116 67 79 76
1450000 107 211 116 68 72 72
1450000 107 211 116 68 74 77
1450000 107 211 116 68 75 80
1450000 107 211 116 68 77 77
1450000 107 211 116 72 74 77
1450000 107 211 116 73 76 74
1450000 107 211 116 75 72 78
1450000 107 211 116 80 75 73
1450000 107 211 117 67 74 77
1450000 107 211 117 68 74 74
1450000 107 211 119 68 75 79
1450000 107 212 116 67 76 79
1450000 107 212 116 68 69 73
1450000 107 212 116 68 72 73
1450000 107 212 116 68 72 75
1450000 107 212 116 68 74 75
1450000 107 212 116 68 74 77
1450000 107 212 116 68 74 81
1450000 107 212 116 68 77 79
1450000 107 212 117 67 70 73
1450000 107 212 119 67 75 78
1450000 107 212 119 74 76 74
1450000 107 213 116 67 72 76
1450000 108 210 116 67 77 74
1450000 108 210 116 67 79 77
1450000 108 210 116 68 74 73
1450000 108 210 116 68 76 74
1450000 108 210 116 68 77 76
1450000 108 210 116 70 72 76
1450000 108 210 117 67 72 74
1450000 108 210 118 95 77 75
1450000 108 211 116 67 72 74
1450000 108 211 116 67 72 78
1450000 108 211 116 67 73 81
1450000 108 211 116 67 74 74
1450000 108 211 116 67 74 78
1450000 108 211 116 67 75 77
1450000 108 211 116 67 75 77
1450000 108 211 116 67 75 77
1450000 108 211 116 67 77 74
1450000 108 211 116 67 77 75
1450000 108 211 116 67 77 76
1450000 108 211 116 67 77 77
1450000 108 211 116 67 78 76
1450000 108 211 116 67 78 80
1450000 108 211 116 67 79 73
1450000 108 211 116 68 70 77
1450000 108 211 116 68 71 75
1450000 108 211 116 68 71 85
1450000 108 211 116 68 73 73
1450000 108 211 116 68 74 72
1450000 108 211 116 68 74 74
1450000 108 211 116 68 74 84
1450000 108 211 116 68 75 77
1450000 108 211 116 68 76 73
1450000 108 211 116 68 76 80
1450000 108 211 116 68 77 85
1450000 108 211 116 70 80 74
1450000 108 211 116 72 72 72
1450000 108 211 116 78 75 73
1450000 108 211 117 67 75 75
1450000 108 211 118 68 71 77
1450000 108 212 116 67 71 74
1450000 108 212 116 67 72 78
1450000 108 212 116 67 74 76
1450000 108 212 116 68 72 74
1450000 108 212 116 68 74 79
1450000 108 212 116 68 74 80
1450000 108 212 116 88 71 74
1450000 108 212 117 67 75 73
1450000 108 212 118 67 74 77
1450000 108 212 118 68 73 80
1450000 108 212 118 68 74 79
1450000 108 213 116 82 77 74
1450000 108 214 120 68 78 75
1450000 109 210 117 67 75 84
1450000 109 211 116 82 74 74
1450000 109 212 116 72 74 77
1450000 110 210 116 67 72 73
1450000 110 212 116 68 74 73
1450000 111 214 117 67 71 81
1500000 111 218 120 69 74 76
1500000 111 218 120 70 75 83
1500000 111 218 120 70 76 75
1500000 111 218 120 70 76 77
1500000 111 218 120 70 76 77
1500000 111 218 120 70 77 77
1500000 111 218 120 70 77 80
1500000 111 218 120 70 77 80
1500000 111 218 120 70 78 75
1500000 111 218 120 70 78 75
1500000 111 218 120 70 78 76
1500000 111 218 120 70 79 76
1500000 111 218 120 70 80 76
1500000 111 218 120 71 76 80
1500000 111 218 121 70 77 77
1500000 111 218 121 70 77 77
1500000 111 218 121 70 77 79
1500000 111 218 121 70 80 78
1500000 111 218 123 70 77 76
1500000 111 219 120 70 74 79
1500000 111 219 120 70 74 81
1500000 111 219 120 70 76 75
1500000 111 219 120 70 77 77
1500000 111 219 120 70 77 79
1500000 111 219 120 70 77 82
1500000 111 219 120 70 78 74
1500000 111 219 120 70 80 79
1500000 111 219 120 70 81 81
1500000 111 219 120 73 77 78
1500000 111 219 121 70 76 75
1500000 111 219 121 70 79 76
1500000 111 219 121 70 79 80
1500000 111 219 122 70 77 75
1500000 111 219 123 72 77 78
1500000 111 219 123 79 76 80
1500000 111 220 120 69 76 75
1500000 111 220 120 70 74 80
1500000 111 220 120 70 77 75
1500000 111 220 120 70 81 77
1500000 111 220 120 72 83 78
1500000 111 220 120 75 77 78
1500000 111 221 120 70 76 80
1500000 111 221 121 71 75 75
1500000 111 221 129 70 79 80
1500000 112 217 120 70 73 76
1500000 112 217 120 70 77 78
1500000 112 218 120 69 76 77
1500000 112 218 120 70 73 76
1500000 112 218 120 70 75 79
1500000 112 218 120 70 76 76
1500000 112 218 120 70 76 76
1500000 112 218 120 70 76 77
1500000 112 218 120 70 79 75
1500000 112 218 120 70 79 78
1500000 112 218 120 70 80 76
1500000 112 218 120 70 82 77
1500000 112 218 120 71 77 75
1500000 112 218 120 73 75 83
1500000 112 218 120 73 81 77
1500000 112 218 121 70 74 82
1500000 112 218 121 70 75 74
1500000 112 218 121 70 75 76
1500000 112 218 121 76 76 76
1500000 112 218 122 70 83 79
1500000 112 218 123 70 75 78
1500000 112 218 130 70 81 78
1500000 112 219 120 70 75 76
1500000 112 219 120 70 75 77
1500000 112 219 120 70 76 82
1500000 112 219 120 70 77 76
1500000 112 219 120 70 77 76
1500000 112 219 120 70 77 78
1500000 112 219 120 70 77 78
1500000 112 219 120 70 77 79
1500000 112 219 120 70 79 84
1500000 112 219 120 71 77 76
1500000 112 219 121 70 76 78
1500000 112 219 121 70 76 87
1500000 112 219 121 70 77 79
1500000 112 219 123 70 75 78
1500000 112 220 120 69 77 78
1500000 112 220 120 70 75 80
1500000 112 220 120 70 77 83
1500000 112 220 120 70 78 76
1500000 112 220 123 70 84 74
1500000 112 221 120 70 74 79
1500000 112 222 120 70 78 76
1500000 112 227 120 70 79 78
1500000 113 218 121 70 75 77
1500000 121 236 120 70 84 77
1550000 115 226 124 72 76 79
1550000 115 226 124 72 77 83
1550000 115 226 124 72 78 81
1550000 115 226 124 72 79 79
1550000 115 226 124 72 80 82
1550000 115 226 124 72 81 81
1550000 115 226 124 73 79 81
1550000 115 226 124 73 79 82
1550000 115 226 124 73 80 82
1550000 115 226 125 72 78 78
1550000 115 226 125 72 79 83
1550000 115 226 125 89 79 80
1550000 115 227 124 73 80 79
1550000 115 227 125 72 81 79
1550000 115 227 125 72 81 81
1550000 115 227 125 73 81 79
1550000 115 227 127 72 81 80
1550000 115 231 124 73 80 80
1550000 116 225 124 72 78 78
1550000 116 225 124 72 78 80
1550000 116 225 124 72 80 77
1550000 116 225 124 72 82 82
1550000 116 225 124 72 85 81
1550000 116 225 124 75 81 82
1550000 116 225 124 82 81 78
1550000 116 225 125 72 78 80
1550000 116 225 125 73 79 80
1550000 116 225 125 73 79 83
1550000 116 225 125 73 80 80
1550000 116 225 125 73 81 81
1550000 116 225 125 76 79 78
1550000 116 226 124 72 75 86
1550000 116 226 124 72 77 78
1550000 116 226 124 72 77 79
1550000 116 226 124 72 77 83
1550000 116 226 124 72 79 77
1550000 116 226 124 72 79 78
1550000 116 226 124 72 79 79
1550000 116 226 124 72 79 80
1550000 116 226 124 72 80 77
1550000 116 226 124 72 80 79
1550000 116 226 124 72 80 82
1550000 116 226 124 72 81 80
1550000 116 226 124 72 81 81
1550000 116 226 124 72 83 82
1550000 116 226 124 72 83 85
1550000 116 226 124 73 75 92
1550000 116 226 124 73 78 80
1550000 116 226 124 73 80 82
1550000 116 226 124 73 81 77
1550000 116 226 124 73 81 80
1550000 116 226 124 73 84 78
1550000 116 226 124 75 78 86
1550000 116 226 124 75 80 86
1550000 116 226 125 72 76 82
1550000 116 226 125 72 77 76
1550000 116 226 125 72 77 77
1550000 116 226 125 72 78 80
1550000 116 226 125 72 78 80
1550000 116 226 125 72 78 82
1550000 116 226 125 72 79 81
1550000 116 226 125 72 79 82
1550000 116 226 125 72 80 77
1550000 116 226 125 72 80 81
1550000 116 226 125 72 82 78
1550000 116 226 125 72 82 86
1550000 116 226 125 72 83 77
1550000 116 226 125 73 79 79
1550000 116 226 125 73 84 79
1550000 116 226 125 81 82 80
1550000 116 226 126 80 78 81
1550000 116 226 127 72 74 77
1550000 116 226 127 73 83 81
1550000 116 227 124 72 75 81
1550000 116 227 124 72 81 93
1550000 116 227 124 73 79 81
1550000 116 227 125 73 77 78
1550000 116 227 125 73 79 81
1550000 116 227 127 86 82 77
1550000 116 227 128 72 81 88
1550000 116 228 124 72 80 77
1550000 116 228 126 72 86 77
1550000 116 231 124 75 78 82
1550000 116 231 126 73 82 77
1550000 117 226 124 72 80 79
1550000 117 226 124 72 81 82
1550000 117 226 125 72 78 79
1550000 117 228 125 72 80 80
1550000 118 226 124 72 76 82
1550000 121 237 125 72 77 81
1600000 119 234 129 74 81 84
1600000 120 232 129 74 78 81
1600000 120 233 128 74 82 81
1600000 120 233 128 75 76 81
1600000 120 233 128 75 77 80
1600000 120 233 128 75 78 80
1600000 120 233 128 75 79 85
1600000 120 233 128 75 79 86
1600000 120 233 128 75 80 84
1600000 120 233 128 75 81 83
1600000 120 233 128 75 81 83
1600000 120 233 128 75 82 85
1600000 120 233 128 75 83 80
1600000 120 233 128 75 83 81
1600000 120 233 128 76 82 80
1600000 120 233 128 77 83 80
1600000 120 233 128 78 81 80
1600000 120 233 129 104 87 80
1600000 120 233 129 74 79 83
1600000 120 233 129 74 80 80
1600000 120 233 129 74 80 83
1600000 120 233 129 74 82 79
1600000 120 233 129 74 82 80
1600000 120 233 129 74 82 84
1600000 120 233 129 74 83 82
1600000 120 233 129 74 83 82
1600000 120 233 129 74 84 81
1600000 120 233 129 74 85 80
1600000 120 233 129 74 86 81
1600000 120 233 129 74 86 82
1600000 120 233 129 75 79 80
1600000 120 233 129 75 79 82
1600000 120 233 129 75 80 84
1600000 120 233 129 75 80 88
1600000 120 233 129 75 81 81
1600000 120 233 129 75 81 82
1600000 120 233 129 75 81 84
1600000 120 233 129 75 81 84
1600000 120 233 129 75 82 82
1600000 120 233 129 75 82 84
1600000 120 233 129 75 83 82
1600000 120 233 129 75 84 85
1600000 120 233 129 75 86 85
1600000 120 233 129 77 83 82
1600000 120 233 129 80 77 82
1600000 120 233 129 80 85 80
1600000 120 233 129 85 86 80
1600000 120 233 130 75 81 86
1600000 120 233 130 80 79 87
1600000 120 233 131 74 85 83
1600000 120 233 131 75 82 80
1600000 120 233 131 75 82 81
1600000 120 233 134 75 82 83
1600000 120 234 128 74 83 84
1600000 120 234 128 74 86 80
1600000 120 234 128 74 86 82
1600000 120 234 128 75 80 81
1600000 120 234 128 75 85 84
1600000 120 234 129 74 78 81
1600000 120 234 129 74 81 82
1600000 120 234 129 74 82 84
1600000 120 234 129 74 84 81
1600000 120 234 129 74 85 86
1600000 120 234 129 74 88 83
1600000 120 234 129 75 82 90
1600000 120 234 129 75 83 85
1600000 120 234 129 75 84 84
1600000 120 234 129 76 80 82
1600000 120 234 129 77 85 80
1600000 120 234 129 80 87 82
1600000 120 234 129 83 78 85
1600000 120 235 129 75 81 82
1600000 120 235 129 75 82 84
1600000 120 235 129 75 90 80
1600000 120 235 129 89 80 90
1600000 120 235 132 75 82 79
1600000 120 237 129 75 86 84
1600000 121 232 128 74 81 80
1600000 121 233 128 74 83 82
1600000 121 233 128 75 78 81
1600000 121 233 128 75 81 82
1600000 121 233 129 74 81 82
1600000 121 233 129 74 87 88
1600000 121 233 129 75 83 80
1600000 121 233 129 89 81 80
1600000 121 234 128 75 81 84
1600000 121 235 128 75 83 81
1600000 122 234 128 75 81 87
1600000 122 234 129 75 81 86
1600000 124 233 129 75 81 84
1650000 124 240 132 77 84 86
1650000 124 240 132 83 84 84
1650000 124 240 133 121 89 86
1650000 124 240 133 77 82 82
1650000 124 240 133 77 83 81
1650000 124 240 133 77 83 82
1650000 124 240 133 77 83 82
1650000 124 240 133 77 83 84
1650000 124 240 133 77 83 87
1650000 124 240 133 77 84 83
1650000 124 240 133 77 84 86
1650000 124 240 133 77 84 87
1650000 124 240 133 77 84 89
1650000 124 240 133 77 85 84
1650000 124 240 133 77 86 85
1650000 124 240 133 77 87 87
1650000 124 240 133 77 92 83
1650000 124 240 133 78 89 84
1650000 124 240 133 79 87 84
1650000 124 240 133 81 84 89
1650000 124 240 133 82 88 84
1650000 124 240 133 97 83 90
1650000 124 240 136 82 84 86
1650000 124 241 132 77 89 86
1650000 124 241 133 76 85 90
1650000 124 241 133 77 82 84
1650000 124 241 133 77 82 86
1650000 124 241 133 77 83 83
1650000 124 241 133 77 83 83
1650000 124 241 133 77 83 84
1650000 124 241 133 77 84 85
1650000 124 241 133 77 84 86
1650000 124 241 133 77 84 87
1650000 124 241 133 77 85 85
1650000 124 241 133 77 85 91
1650000 124 241 133 77 86 83
1650000 124 241 133 77 87 83
1650000 124 241 133 77 87 84
1650000 124 241 133 77 87 86
1650000 124 241 133 77 89 86
1650000 124 241 133 77 91 82
1650000 124 241 133 77 94 85
1650000 124 241 133 78 88 82
1650000 124 241 133 80 87 85
1650000 124 241 133 82 83 84
1650000 124 241 133 82 84 82
1650000 124 241 133 83 84 86
1650000 124 241 133 86 85 84
1650000 124 241 134 77 87 86
1650000 124 241 134 78 87 88
1650000 124 241 134 82 87 90
1650000 124 241 135 78 84 87
1650000 124 242 132 77 81 85
1650000 124 242 132 77 86 87
1650000 124 242 133 77 80 89
1650000 124 242 133 77 83 85
1650000 124 242 133 77 83 86
1650000 124 242 133 77 84 82
1650000 124 242 133 77 85 85
1650000 124 242 133 77 85 87
1650000 124 242 133 77 86 83
1650000 124 242 133 77 86 84
1650000 124 242 133 77 86 86
1650000 124 242 133 77 88 85
1650000 124 242 133 77 89 82
1650000 124 242 133 79 81 88
1650000 124 242 133 82 81 89
1650000 124 242 134 77 81 90
1650000 124 242 136 77 85 86
1650000 124 243 132 77 84 83
1650000 124 243 133 77 86 84
1650000 124 243 133 78 84 85
1650000 124 243 136 82 89 85
1650000 124 244 133 77 83 84
1650000 124 244 133 77 88 83
1650000 124 245 136 77 86 87
1650000 125 240 133 77 84 85
1650000 125 241 132 77 80 85
1650000 125 241 133 77 84 82
1650000 125 241 133 77 87 84
1650000 125 241 133 79 88 90
1650000 125 241 133 83 84 84
1650000 125 241 133 88 81 83
1650000 125 241 134 78 85 88
1650000 125 241 139 115 87 84
1650000 125 242 132 77 83 89
1650000 125 242 133 77 82 86
1650000 125 243 134 80 85 88
1650000 126 241 133 77 91 82
1650000 127 242 133 83 81 85
1700000 128 247 136 103 85 87
1700000 128 247 136 79 83 90
1700000 128 247 136 79 84 85
1700000 128 247 137 79 85 91
1700000 128 247 137 79 86 91
1700000 128 247 137 79 87 85
1700000 128 247 137 79 88 86
1700000 128 247 137 83 86 87
1700000 128 247 137 88 84 86
1700000 128 247 138 79 88 86
1700000 128 248 136 79 90 85
1700000 128 248 136 80 88 90
1700000 128 248 136 84 89 87
1700000 128 248 137 110 86 89
1700000 128 248 137 79 82 83
1700000 128 248 137 79 83 87
1700000 128 248 137 79 83 89
1700000 128 248 137 79 84 85
1700000 128 248 137 79 85 87
1700000 128 248 137 79 85 88
1700000 128 248 137 79 86 85
1700000 128 248 137 79 87 85
1700000 128 248 137 79 87 89
1700000 128 248 137 79 88 87
1700000 128 248 137 79 89 88
1700000 128 248 137 79 89 93
1700000 128 248 137 79 89 96
1700000 128 248 137 79 90 85
1700000 128 248 137 80 83 88
1700000 128 248 137 80 84 84
1700000 128 248 137 80 87 87
1700000 128 248 137 80 88 88
1700000 128 248 137 81 83 88
1700000 128 248 138 80 88 87
1700000 128 249 136 79 88 86
1700000 128 249 137 107 90 84
1700000 128 249 137 79 84 88
1700000 128 249 137 79 86 84
1700000 128 249 137 79 87 86
1700000 128 249 137 79 88 90
1700000 128 249 137 80 88 92
1700000 128 249 137 81 86 85
1700000 128 249 139 79 87 89
1700000 128 251 137 79 87 91
1700000 128 252 137 79 89 88
1700000 128 252 138 88 87 89
1700000 129 247 137 79 83 87
1700000 129 247 137 79 87 84
1700000 129 247 137 79 87 90
1700000 129 247 137 79 89 90
1700000 129 247 137 85 88 91
1700000 129 248 136 79 87 88
1700000 129 248 136 79 88 86
1700000 129 248 136 84 85 91
1700000 129 248 136 87 84 90
1700000 129 248 137 79 82 85
1700000 129 248 137 79 84 90
1700000 129 248 137 79 85 90
1700000 129 248 137 79 86 87
1700000 129 248 137 79 86 88
1700000 129 248 137 79 87 85
1700000 129 248 137 79 89 85
1700000 129 248 137 79 89 86
1700000 129 248 137 80 82 90
1700000 129 248 137 80 85 89
1700000 129 248 137 80 90 84
1700000 129 248 137 80 90 86
1700000 129 248 137 81 82 91
1700000 129 248 137 81 83 86
1700000 129 249 137 79 83 87
1700000 129 249 137 79 84 86
1700000 129 249 137 79 84 89
1700000 129 249 137 79 86 84
1700000 129 249 137 79 87 85
1700000 129 249 137 79 87 86
1700000 129 249 137 79 89 86
1700000 129 249 137 79 90 83
1700000 129 249 137 79 92 85
1700000 129 249 137 80 87 87
1700000 129 249 137 80 89 86
1700000 129 249 137 80 89 88
1700000 129 249 137 85 88 87
1700000 129 249 138 79 86 84
1700000 129 249 140 87 81 89
1700000 129 250 136 79 88 88
1700000 129 250 138 80 87 88
1700000 129 251 136 79 87 89
1700000 130 247 137 79 84 87
1700000 130 248 137 79 86 92
1700000 130 249 138 91 87 92
1750000 132 253 140 81 88 90
1750000 132 254 140 81 86 91
1750000 132 254 140 81 87 88
1750000 132 254 140 82 85 91
1750000 132 254 140 82 85 92
1750000 132 254 140 82 86 93
1750000 132 254 140 83 88 89
1750000 132 254 140 96 93 89
1750000 132 254 141 81 92 90
1750000 132 254 141 81 94 89
1750000 132 254 141 82 87 94
1750000 132 254 141 82 88 89
1750000 132 254 141 82 89 86
1750000 132 254 141 82 89 92
1750000 132 254 141 82 91 87
1750000 132 254 141 82 91 88
1750000 132 254 141 93 86 89
1750000 132 254 142 82 92 87
1750000 132 254 142 93 97 93
1750000 132 254 144 82 93 100
1750000 132 255 140 82 86 88
1750000 132 255 141 81 87 88
1750000 132 255 141 81 87 88
1750000 132 255 141 81 88 88
1750000 132 255 141 81 88 89
1750000 132 255 141 82 87 95
1750000 132 255 141 82 88 88
1750000 132 255 141 82 94 87
1750000 132 255 141 84 89 94
1750000 132 256 141 82 87 92
1750000 133 253 140 84 95 86
1750000 133 253 141 82 90 90
1750000 133 253 141 82 91 89
1750000 133 254 140 81 88 88
1750000 133 254 140 82 85 91
1750000 133 254 140 82 86 91
1750000 133 254 140 82 88 86
1750000 133 254 140 82 89 88
1750000 133 254 140 83 87 89
1750000 133 254 140 83 89 90
1750000 133 254 140 85 91 95
1750000 133 254 141 81 86 87
1750000 133 254 141 81 86 90
1750000 133 254 141 81 89 90
1750000 133 254 141 81 90 89
1750000 133 254 141 81 97 92
1750000 133 254 141 82 88 87
1750000 133 254 141 82 88 89
1750000 133 254 141 82 88 90
1750000 133 254 141 82 89 91
1750000 133 254 141 82 91 87
1750000 133 254 141 82 97 88
1750000 133 254 141 84 88 91
1750000 133 254 141 93 87 89
1750000 133 254 141 95 89 89
1750000 133 254 141 96 86 97
1750000 133 254 141 99 83 90
1750000 133 254 142 82 86 93
1750000 133 254 144 82 91 88
1750000 133 254 144 82 92 92
1750000 133 255 140 81 85 91
1750000 133 255 140 81 89 88
1750000 133 255 140 81 90 87
1750000 133 255 140 82 87 88
1750000 133 255 140 82 88 90
1750000 133 255 140 82 91 91
1750000 133 255 140 82 92 87
1750000 133 255 140 89 90 88
1750000 133 255 141 102 86 94
1750000 133 255 141 81 98 94
1750000 133 255 141 82 84 87
1750000 133 255 141 82 87 90
1750000 133 255 141 82 88 93
1750000 133 255 141 82 89 86
1750000 133 255 141 82 91 87
1750000 133 255 141 82 93 87
1750000 133 255 141 82 93 91
1750000 133 255 141 86 90 89
1750000 133 255 141 88 88 89
1750000 133 256 140 81 90 86
1750000 133 256 141 82 87 90
1750000 133 256 141 82 98 90
1750000 133 256 141 91 85 90
1750000 133 257 140 81 90 86
1750000 133 257 140 82 97 89
1750000 133 257 141 81 87 91
1750000 133 257 141 81 89 93
1750000 134 254 141 86 86 91
1750000 134 255 143 81 94 87
1750000 134 257 144 82 85 89
1800000 136 260 144 83 89 92
1800000 136 260 144 83 93 92
1800000 136 261 144 84 90 88
1800000 136 261 144 84 91 90
1800000 136 261 144 89 90 90
1800000 136 261 145 84 87 90
1800000 136 261 145 85 90 91
1800000 136 263 144 84 99 88
1800000 137 259 144 83 94 97
1800000 137 260 144 83 87 93
1800000 137 260 144 83 87 94
1800000 137 260 144 83 96 88
1800000 137 260 144 83 98 92
1800000 137 260 144 84 89 90
1800000 137 260 144 84 89 90
1800000 137 260 144 84 90 91
1800000 137 260 144 84 90 92
1800000 137 260 144 84 90 93
1800000 137 260 144 84 90 94
1800000 137 260 144 84 91 90
1800000 137 260 144 84 91 91
1800000 137 260 144 84 91 91
1800000 137 260 144 84 92 93
1800000 137 260 144 84 93 88
1800000 137 260 144 84 93 99
1800000 137 260 144 84 94 94
1800000 137 260 144 84 95 89
1800000 137 260 144 84 95 94
1800000 137 260 144 84 98 97
1800000 137 260 144 88 90 89
1800000 137 260 144 95 88 92
1800000 137 260 144 95 89 93
1800000 137 260 145 84 90 89
1800000 137 260 145 84 94 91
1800000 137 260 145 84 94 91
1800000 137 260 145 84 95 91
1800000 137 260 145 88 90 92
1800000 137 260 146 89 93 92
1800000 137 261 144 129 91 90
1800000 137 261 144 83 92 95
1800000 137 261 144 83 93 87
1800000 137 261 144 83 93 97
1800000 137 261 144 84 87 89
1800000 137 261 144 84 88 92
1800000 137 261 144 84 89 90
1800000 137 261 144 84 90 94
1800000 137 261 144 84 90 97
1800000 137 261 144 84 91 90
1800000 137 261 144 84 91 92
1800000 137 261 144 84 91 92
1800000 137 261 144 84 91 92
1800000 137 261 144 84 92 91
1800000 137 261 144 84 92 93
1800000 137 261 144 84 93 89
1800000 137 261 144 84 93 89
1800000 137 261 144 84 93 92
1800000 137 261 144 84 94 90
1800000 137 261 144 84 94 94
1800000 137 261 144 84 95 89
1800000 137 261 144 84 95 90
1800000 137 261 144 84 96 91
1800000 137 261 144 84 99 89
1800000 137 261 144 92 92 92
1800000 137 261 145 126 90 93
1800000 137 261 145 84 88 92
1800000 137 261 145 84 89 89
1800000 137 261 145 84 89 93
1800000 137 261 145 84 90 94
1800000 137 261 145 84 94 89
1800000 137 261 148 84 91 91
1800000 137 262 144 133 91 89
1800000 137 262 144 83 88 91
1800000 137 262 144 84 90 91
1800000 137 262 144 84 91 94
1800000 137 262 144 84 92 91
1800000 137 262 144 84 93 99
1800000 137 262 144 85 93 92
1800000 137 263 144 84 90 98
1800000 137 263 144 84 93 93
1800000 137 263 144 84 97 89
1800000 137 264 144 84 90 92
1800000 137 265 145 84 90 92
1800000 138 260 144 84 94 93
1800000 138 260 144 84 97 90
1800000 138 260 145 83 89 91
1800000 138 261 144 84 90 91
1800000 138 261 144 84 96 92
1800000 138 261 145 84 90 91
1800000 138 261 148 92 93 91
1800000 139 260 144 88 89 99
1850000 141 266 148 87 95 94
1850000 141 267 148 86 91 90
1850000 141 267 148 86 91 91
1850000 141 267 148 86 92 104
1850000 141 267 148 86 92 93
1850000 141 267 148 86 93 92
1850000 141 267 148 86 93 92
1850000 141 267 148 86 93 94
1850000 141 267 148 86 93 96
1850000 141 267 148 86 94 92
1850000 141 267 148 86 94 92
1850000 141 267 148 86 94 94
1850000 141 267 148 86 94 94
1850000 141 267 148 86 94 96
1850000 141 267 148 86 95 101
1850000 141 267 148 86 95 93
1850000 141 267 148 86 95 97
1850000 141 267 148 86 96 94
1850000 141 267 148 87 91 93
1850000 141 267 148 87 95 94
1850000 141 267 148 89 89 91
1850000 141 267 148 93 103 93
1850000 141 267 148 96 93 92
1850000 141 267 148 98 91 97
1850000 141 267 149 86 95 93
1850000 141 267 149 91 100 93
1850000 141 267 150 86 96 94
1850000 141 267 150 86 97 96
1850000 141 267 151 86 93 103
1850000 141 268 148 134 98 94
1850000 141 268 148 86 100 92
1850000 141 268 148 86 100 99
1850000 141 268 148 86 90 96
1850000 141 268 148 86 91 94
1850000 141 268 148 86 91 99
1850000 141 268 148 86 92 95
1850000 141 268 148 86 92 97
1850000 141 268 148 86 93 93
1850000 141 268 148 86 94 93
1850000 141 268 148 86 94 93
1850000 141 268 148 86 94 96
1850000 141 268 148 86 95 96
1850000 141 268 148 86 96 94
1850000 141 268 148 86 97 92
1850000 141 268 148 86 97 94
1850000 141 268 148 86 98 93
1850000 141 268 148 87 91 93
1850000 141 268 148 87 98 92
1850000 141 268 149 86 91 95
1850000 141 268 149 86 92 94
1850000 141 268 149 87 91 98
1850000 141 268 149 91 92 93
1850000 141 268 149 97 96 94
1850000 141 269 148 117 93 94
1850000 141 269 148 86 91 91
1850000 141 269 148 86 91 95
1850000 141 269 148 86 93 94
1850000 141 269 148 86 93 96
1850000 141 269 148 86 98 94
1850000 141 269 148 88 94 98
1850000 141 269 149 95 96 91
1850000 141 269 151 86 92 100
1850000 141 270 148 86 90 93
1850000 141 270 148 86 91 99
1850000 141 270 148 86 93 93
1850000 141 270 148 86 94 92
1850000 141 270 148 86 96 92
1850000 142 267 148 86 92 92
1850000 142 267 148 86 94 94
1850000 142 267 148 86 97 96
1850000 142 267 148 86 99 96
1850000 142 267 149 86 90 91
1850000 142 267 149 86 92 93
1850000 142 267 149 87 92 96
1850000 142 267 153 86 96 94
1850000 142 268 148 86 89 97
1850000 142 268 148 86 95 97
1850000 142 268 148 86 96 102
1850000 142 268 148 87 95 96
1850000 142 268 149 86 95 92
1850000 142 268 149 86 97 93
1850000 142 268 149 89 93 95
1850000 142 268 152 86 91 93
1850000 142 269 148 87 94 91
1850000 142 269 149 87 93 94
1850000 142 269 150 86 100 93
1850000 142 270 148 86 94 95
1850000 143 268 148 87 90 93
1850000 143 269 149 90 96 93
1850000 157 267 148 87 99 95
1900000 145 276 153 121 98 95
1900000 145 276 153 88 95 94
1900000 145 276 153 89 100 93
1900000 145 276 153 89 101 94
1900000 145 276 153 89 102 94
1900000 145 276 153 89 102 97
1900000 145 276 153 89 92 104
1900000 145 276 153 89 93 96
1900000 145 276 153 89 93 97
1900000 145 276 153 89 94 100
1900000 145 276 153 89 95 97
1900000 145 276 153 89 96 100
1900000 145 276 153 89 97 102
1900000 145 276 153 89 97 95
1900000 145 276 153 89 97 95
1900000 145 276 153 89 97 96
1900000 145 276 153 89 97 97
1900000 145 276 153 89 98 96
1900000 145 276 153 89 99 100
1900000 145 276 153 89 99 96
1900000 145 276 153 90 99 102
1900000 145 276 153 91 99 94
1900000 145 276 154 88 97 98
1900000 145 276 154 89 101 99
1900000 145 276 154 89 94 97
1900000 145 276 154 89 94 98
1900000 145 276 154 89 95 94
1900000 145 276 154 89 95 95
1900000 145 276 154 89 96 101
1900000 145 276 155 89 98 97
1900000 145 276 156 89 97 100
1900000 145 277 152 89 95 94
1900000 145 277 153 110 94 96
1900000 145 277 153 88 97 95
1900000 145 277 153 89 100 95
1900000 145 277 153 89 100 96
1900000 145 277 153 89 101 103
1900000 145 277 153 89 101 99
1900000 145 277 153 89 93 95
1900000 145 277 153 89 95 93
1900000 145 277 153 89 95 94
1900000 145 277 153 89 96 106
1900000 145 277 153 89 97 101
1900000 145 277 153 89 97 95
1900000 145 277 153 89 97 97
1900000 145 277 153 89 98 96
1900000 145 277 153 89 98 97
1900000 145 277 154 89 100 97
1900000 145 277 154 89 101 105
1900000 145 277 154 89 92 97
1900000 145 277 154 89 93 98
1900000 145 277 154 89 98 97
1900000 145 278 152 89 97 101
1900000 145 278 153 88 101 95
1900000 145 278 153 89 100 96
1900000 145 278 153 89 100 96
1900000 145 278 153 89 100 96
1900000 145 278 153 89 103 101
1900000 145 278 153 89 95 97
1900000 145 278 153 89 96 95
1900000 145 278 153 89 96 96
1900000 145 278 153 89 96 97
1900000 145 278 153 89 96 97
1900000 145 278 153 89 96 99
1900000 145 278 153 89 97 95
1900000 145 278 153 89 98 104
1900000 145 278 153 91 92 98
1900000 145 278 153 92 92 101
1900000 145 278 153 92 94 95
1900000 145 278 154 89 92 100
1900000 145 278 154 89 98 96
1900000 145 278 156 89 101 95
1900000 145 278 156 89 98 98
1900000 145 278 157 101 93 100
1900000 145 279 153 89 95 96
1900000 145 279 153 89 96 100
1900000 145 279 153 93 99 95
1900000 145 279 154 89 98 93
1900000 145 280 154 89 96 94
1900000 145 283 153 89 101 96
1900000 145 285 153 98 92 99
1900000 146 276 153 89 93 98
1900000 146 276 153 89 94 96
1900000 146 276 153 89 95 94
1900000 146 276 153 89 98 93
1900000 146 276 153 89 99 96
1900000 146 278 153 96 94 99
1900000 146 280 153 89 94 97
1900000 147 293 168 94 94 102
1900000 160 276 154 89 98 101
1950000 148 283 157 91 100 97
1950000 148 284 157 100 96 101
1950000 148 284 157 91 102 97
1950000 148 284 157 91 97 100
1950000 148 284 157 92 100 101
1950000 148 284 157 92 98 96
1950000 148 284 157 95 100 106
1950000 148 284 158 91 98 97
1950000 148 285 157 91 104 97
1950000 148 285 157 91 97 96
1950000 148 285 157 92 97 100
1950000 148 285 158 91 101 101
1950000 148 285 158 91 95 99
1950000 148 285 158 91 99 97
1950000 148 285 158 92 98 101
1950000 148 285 158 92 99 103
1950000 148 285 158 92 99 96
1950000 148 286 157 91 102 100
1950000 148 286 158 91 102 99
1950000 148 286 158 92 100 99
1950000 148 286 158 93 96 102
1950000 148 287 157 91 97 101
1950000 148 287 157 91 98 98
1950000 148 287 158 91 100 99
1950000 149 284 157 91 100 96
1950000 149 284 157 91 103 99
1950000 149 284 157 91 105 97
1950000 149 284 157 91 106 97
1950000 149 284 157 91 95 99
1950000 149 284 157 91 98 101
1950000 149 284 157 91 99 100
1950000 149 284 158 118 96 97
1950000 149 284 158 91 101 104
1950000 149 284 158 91 101 98
1950000 149 284 158 91 101 99
1950000 149 284 158 91 102 95
1950000 149 284 158 91 102 97
1950000 149 284 158 91 104 101
1950000 149 284 158 91 106 97
1950000 149 284 158 91 98 99
1950000 149 284 158 91 99 100
1950000 149 284 158 91 99 98
1950000 149 284 158 92 101 100
1950000 149 284 158 92 104 96
1950000 149 284 158 92 96 96
1950000 149 284 158 92 99 98
1950000 149 284 158 96 99 96
1950000 149 284 158 97 102 102
1950000 149 285 157 104 101 98
1950000 149 285 157 111 104 99
1950000 149 285 157 91 95 97
1950000 149 285 157 92 100 97
1950000 149 285 157 92 101 97
1950000 149 285 157 92 98 99
1950000 149 285 157 94 98 99
1950000 149 285 158 91 101 100
1950000 149 285 158 91 101 99
1950000 149 285 158 91 102 101
1950000 149 285 158 91 98 96
1950000 149 285 158 91 99 102
1950000 149 285 158 92 98 99
1950000 149 285 158 96 100 100
1950000 149 285 160 91 99 96
1950000 149 286 157 91 109 98
1950000 149 286 157 91 97 97
1950000 149 286 157 91 98 100
1950000 149 286 157 92 98 100
1950000 149 286 157 92 98 101
1950000 149 286 158 91 101 106
1950000 149 286 158 91 105 97
1950000 149 286 158 91 95 99
1950000 149 286 158 91 99 96
1950000 149 286 158 92 103 98
1950000 149 286 158 92 104 97
1950000 149 286 160 92 104 101
1950000 149 286 161 140 100 100
1950000 149 287 157 95 105 97
1950000 149 287 158 102 96 97
1950000 149 287 158 93 98 98
1950000 149 288 158 91 101 100
1950000 149 288 158 91 95 99
1950000 149 288 158 93 102 100
1950000 149 292 162 94 99 99
1950000 150 284 157 92 97 98
1950000 150 284 158 91 102 100
1950000 150 284 158 96 101 96
1950000 150 285 158 91 98 97
1950000 151 284 158 91 101 99
1950000 151 285 157 91 104 98
1950000 164 286 158 92 101 98
2000000 152 292 162 94 102 101
2000000 152 292 162 94 102 104
2000000 152 292 162 94 103 102
2000000 152 292 162 94 111 103
2000000 152 292 162 94 99 105
2000000 152 292 162 94 99 99
2000000 152 292 162 95 101 100
2000000 152 292 162 96 100 102
2000000 152 292 163 94 101 100
2000000 152 292 163 94 107 100
2000000 152 293 162 106 100 104
2000000 152 293 162 123 105 102
2000000 152 293 162 94 100 102
2000000 152 293 162 94 101 102
2000000 152 293 162 94 101 103
2000000 152 293 162 94 101 98
2000000 152 293 162 94 102 104
2000000 152 293 162 94 103 101
2000000 152 293 162 94 103 98
2000000 152 293 162 94 104 101
2000000 152 293 162 94 105 106
2000000 152 293 162 98 106 99
2000000 152 293 163 94 100 102
2000000 152 293 163 94 100 105
2000000 152 293 163 94 103 102
2000000 152 293 163 94 103 103
2000000 152 293 163 94 105 103
2000000 152 293 163 94 107 104
2000000 152 293 163 94 108 100
2000000 152 293 163 97 102 100
2000000 152 293 164 93 102 100
2000000 152 294 162 93 105 98
2000000 152 294 162 95 99 107
2000000 152 294 163 94 105 102
2000000 152 295 162 98 102 102
2000000 152 295 163 94 101 100
2000000 153 292 162 101 102 105
2000000 153 292 162 93 105 101
2000000 153 292 162 94 105 100
2000000 153 292 162 94 105 100
2000000 153 292 162 94 108 104
2000000 153 292 162 94 99 101
2000000 153 292 162 94 99 99
2000000 153 292 163 100 99 99
2000000 153 292 163 94 102 103
2000000 153 292 163 94 104 98
2000000 153 292 163 94 98 101
2000000 153 292 163 94 98 99
2000000 153 293 162 93 102 102
2000000 153 293 162 93 102 105
2000000 153 293 162 94 100 100
2000000 153 293 162 94 100 102
2000000 153 293 162 94 100 103
2000000 153 293 162 94 100 104
2000000 153 293 162 94 103 101
2000000 153 293 162 94 103 102
2000000 153 293 162 94 103 103
2000000 153 293 162 94 103 107
2000000 153 293 162 94 104 101
2000000 153 293 162 94 105 101
2000000 153 293 162 94 105 106
2000000 153 293 162 94 106 101
2000000 153 293 162 94 109 102
2000000 153 293 162 94 98 102
2000000 153 293 162 94 98 102
2000000 153 293 162 94 99 99
2000000 153 293 162 95 102 104
2000000 153 293 162 95 105 103
2000000 153 293 162 97 105 101
2000000 153 293 163 102 103 102
2000000 153 293 163 94 100 102
2000000 153 293 163 94 102 101
2000000 153 293 163 94 103 100
2000000 153 293 163 94 106 103
2000000 153 293 163 94 98 102
2000000 153 293 163 94 99 101
2000000 153 293 163 95 100 100
2000000 153 293 163 95 103 101
2000000 153 293 166 94 100 108
2000000 153 294 162 94 100 100
2000000 153 294 162 94 100 101
2000000 153 294 163 94 106 101
2000000 153 294 163 94 97 102
2000000 153 295 162 94 104 100
2000000 153 295 162 97 100 100
2000000 153 315 164 96 100 104
2000000 154 293 162 94 110 104
2000000 154 298 162 99 100 101
2000000 155 293 162 94 105 105
2000000 170 293 163 95 105 100
