N std-stable-sort-int d0 d1 d2 d3 d4
50000 2 3 1 1 3 5
50000 2 3 1 1 3 7
50000 2 3 1 1 4 5
50000 2 3 1 2 2 4
50000 2 3 1 2 2 5
50000 2 3 1 2 3 11
50000 2 3 1 2 3 4
50000 2 3 1 2 3 5
50000 2 3 1 2 3 5
50000 2 3 1 2 3 5
50000 2 3 1 2 3 5
50000 2 3 1 2 3 5
50000 2 3 1 2 3 5
50000 2 3 1 2 3 5
50000 2 3 1 2 3 6
50000 2 3 1 2 3 6
50000 2 3 1 2 3 9
50000 2 3 1 2 4 4
50000 2 3 1 2 4 5
50000 2 3 1 2 4 6
50000 2 3 1 2 4 8
50000 2 3 1 3 3 11
50000 2 3 1 3 3 5
50000 2 3 2 2 4 5
50000 2 3 2 3 4 7
100000 5 6 3 2 5 6
100000 5 6 3 3 4 12
100000 5 6 3 3 4 6
100000 5 6 3 5 4 6
100000 6 6 3 2 4 5
100000 6 6 3 2 4 5
100000 6 6 3 2 4 6
100000 6 6 3 2 4 6
100000 6 6 3 3 4 10
100000 6 6 3 3 4 12
100000 6 6 3 3 4 4
100000 6 6 3 3 4 5
100000 6 6 3 3 4 5
100000 6 6 3 3 4 5
100000 6 6 3 3 4 5
100000 6 6 3 3 4 7
100000 6 6 3 3 5 5
100000 6 6 3 3 5 6
100000 6 6 3 3 5 6
100000 6 6 3 3 5 8
100000 6 6 3 4 3 5
100000 6 6 3 4 3 6
100000 6 6 3 4 4 8
100000 6 6 3 4 5 5
100000 6 6 3 4 5 5
150000 9 10 5 4 7 10
150000 9 9 5 3 4 9
150000 9 9 5 3 5 6
150000 9 9 5 3 5 6
150000 9 9 5 3 5 6
150000 9 9 5 3 5 7
150000 9 9 5 3 5 8
150000 9 9 5 3 5 8
150000 9 9 5 3 5 8
150000 9 9 5 3 5 8
150000 9 9 5 3 5 9
150000 9 9 5 3 6 12
150000 9 9 5 3 6 7
150000 9 9 5 3 6 8
150000 9 9 5 3 6 8
150000 9 9 5 3 6 9
150000 9 9 5 3 6 9
150000 9 9 5 4 7 7
150000 9 9 5 4 7 7
150000 9 9 5 4 7 8
150000 9 9 5 5 5 8
150000 9 9 5 5 6 7
150000 9 9 5 5 6 7
150000 9 9 5 6 6 7
150000 9 9 6 3 5 8
200000 12 14 7 5 7 9
200000 12 14 8 4 7 9
200000 12 14 8 5 6 12
200000 12 14 8 5 7 8
200000 12 14 8 5 7 9
200000 12 14 8 5 7 9
200000 12 14 8 5 8 11
200000 12 14 8 5 8 11
200000 12 14 8 5 8 9
200000 12 14 8 5 9 8
200000 12 14 8 5 9 9
200000 12 14 8 6 7 10
200000 12 14 8 6 7 10
200000 12 14 8 6 7 11
200000 12 14 8 6 7 8
200000 12 14 8 6 7 8
200000 12 14 8 6 8 8
200000 12 14 8 6 8 8
200000 12 14 8 6 8 9
200000 12 14 8 6 9 8
200000 12 14 8 7 8 9
200000 12 14 8 8 7 8
200000 13 14 7 6 6 9
200000 13 14 8 6 7 8
200000 13 14 8 6 7 9
250000 16 16 9 6 9 11
250000 16 16 9 8 9 11
250000 16 17 10 6 8 11
250000 16 17 10 6 8 8
250000 16 17 9 6 10 10
250000 16 17 9 6 10 11
250000 16 17 9 6 6 11
250000 16 17 9 6 8 10
250000 16 17 9 6 8 10
250000 16 17 9 6 8 10
250000 16 17 9 6 8 10
250000 16 17 9 6 8 10
250000 16 17 9 6 8 11
250000 16 17 9 6 8 18
250000 16 17 9 6 9 10
250000 16 17 9 6 9 10
250000 16 17 9 6 9 10
250000 16 17 9 6 9 11
250000 16 17 9 6 9 11
250000 16 17 9 7 7 11
250000 16 17 9 7 8 11
250000 16 17 9 9 11 10
250000 16 17 9 9 7 11
250000 16 17 9 9 8 10
250000 16 17 9 9 9 10
300000 19 20 11 12 9 11
300000 19 20 11 14 11 12
300000 19 20 11 7 10 12
300000 19 20 11 7 10 12
300000 19 20 11 7 11 12
300000 19 20 11 7 8 12
300000 19 20 11 7 8 12
300000 19 20 11 7 9 11
300000 19 20 11 7 9 11
300000 19 20 11 7 9 12
300000 19 21 11 12 11 10
300000 19 21 11 7 10 10
300000 19 21 11 7 10 11
300000 19 21 11 7 10 11
300000 19 21 11 7 10 12
300000 19 21 11 7 10 12
300000 19 21 11 7 10 12
300000 19 21 11 8 10 11
300000 19 21 11 8 10 11
300000 19 21 11 8 11 11
300000 19 21 11 8 12 12
300000 19 21 13 7 11 12
300000 20 20 11 11 10 11
300000 20 21 11 7 10 10
300000 20 21 11 7 10 10
350000 23 24 13 8 12 12
350000 23 24 14 8 12 14
350000 23 25 13 10 12 14
350000 23 25 13 14 12 12
350000 23 25 13 8 10 13
350000 23 25 13 8 10 14
350000 23 25 13 8 10 18
350000 23 25 13 8 11 14
350000 23 25 13 8 11 14
350000 23 25 13 8 12 13
350000 23 25 13 8 12 14
350000 23 25 13 8 12 15
350000 23 25 13 8 12 15
350000 23 25 13 8 13 13
350000 23 25 13 8 9 12
350000 23 25 14 14 11 13
350000 23 25 14 8 10 13
350000 23 25 14 8 11 13
350000 23 25 14 8 11 13
350000 23 25 14 8 12 12
350000 23 25 14 8 12 12
350000 23 25 14 8 12 14
350000 23 25 14 8 12 14
350000 23 25 14 8 12 15
350000 23 25 14 8 13 14
400000 26 29 16 10 11 14
400000 26 29 16 10 11 15
400000 26 29 16 10 11 15
400000 26 29 16 10 12 15
400000 26 29 16 10 13 17
400000 26 29 16 10 14 14
400000 26 29 16 10 14 14
400000 26 29 16 10 14 16
400000 26 29 16 10 14 16
400000 26 29 16 10 14 20
400000 27 29 15 10 15 15
400000 27 29 16 10 11 13
400000 27 29 16 10 11 15
400000 27 29 16 10 12 14
400000 27 29 16 10 12 16
400000 27 29 16 10 13 14
400000 27 29 16 10 13 14
400000 27 29 16 10 13 15
400000 27 29 16 10 14 13
400000 27 29 16 10 14 14
400000 27 29 16 10 14 15
400000 27 29 16 10 14 15
400000 27 29 16 10 14 16
400000 27 29 16 10 14 16
400000 27 29 16 10 14 17
450000 30 31 17 10 13 17
450000 30 31 17 11 12 16
450000 30 31 17 11 12 17
450000 30 31 17 11 14 14
450000 30 31 17 11 14 16
450000 30 31 17 11 15 14
450000 30 31 17 11 15 14
450000 30 31 17 11 15 15
450000 30 31 17 11 15 15
450000 30 31 17 11 15 16
450000 30 31 17 11 15 16
450000 30 31 17 11 15 16
450000 30 31 17 11 15 16
450000 30 31 17 11 15 17
450000 30 31 17 11 16 17
450000 30 31 17 12 13 15
450000 30 31 17 12 15 15
450000 30 31 17 18 13 14
450000 30 31 17 18 15 15
450000 30 32 17 11 14 22
450000 30 32 17 11 15 15
450000 30 32 17 11 15 16
450000 30 32 17 11 15 18
450000 30 32 17 14 15 15
450000 31 31 17 11 13 15
500000 33 36 19 12 16 16
500000 34 35 19 12 13 16
500000 34 35 19 12 14 16
500000 34 35 19 12 14 20
500000 34 35 19 12 17 16
500000 34 35 19 12 17 18
500000 34 35 19 12 17 18
500000 34 35 19 14 16 19
500000 34 35 19 15 19 18
500000 34 36 19 12 13 16
500000 34 36 19 12 13 17
500000 34 36 19 12 13 17
500000 34 36 19 12 14 18
500000 34 36 19 12 14 18
500000 34 36 19 12 14 18
500000 34 36 19 12 14 19
500000 34 36 19 12 15 17
500000 34 36 19 12 16 15
500000 34 36 19 12 16 18
500000 34 36 19 12 17 16
500000 34 36 19 12 17 17
500000 34 36 19 12 17 20
500000 34 36 19 18 17 16
500000 34 36 19 21 16 16
500000 35 36 19 12 14 18
550000 37 40 21 13 15 17
550000 37 40 21 13 15 18
550000 37 40 21 13 15 20
550000 37 40 21 13 15 22
550000 37 40 21 13 17 17
550000 37 40 21 13 18 19
550000 37 40 21 13 18 20
550000 37 40 21 13 18 22
550000 37 40 21 13 19 19
550000 37 40 21 13 19 21
550000 37 40 21 14 15 21
550000 37 40 21 18 17 20
550000 37 40 21 22 18 17
550000 37 40 22 13 15 20
550000 37 40 22 13 16 19
550000 37 40 22 13 16 21
550000 37 40 22 13 17 20
550000 37 40 22 13 17 20
550000 37 40 22 13 18 18
550000 37 40 22 13 19 20
550000 37 40 22 14 18 20
550000 37 40 22 15 18 19
550000 38 40 21 14 19 19
550000 38 40 22 13 16 18
550000 38 40 22 14 16 19
600000 41 44 24 15 16 21
600000 41 44 24 15 16 21
600000 41 44 24 15 16 21
600000 41 44 24 15 16 22
600000 41 44 24 15 16 22
600000 41 44 24 15 17 19
600000 41 44 24 15 17 20
600000 41 44 24 15 17 20
600000 41 44 24 15 17 20
600000 41 44 24 15 18 20
600000 41 44 24 15 18 20
600000 41 44 24 15 18 24
600000 41 44 24 15 19 19
600000 41 44 24 15 19 24
600000 41 44 24 15 20 20
600000 41 44 24 15 20 20
600000 41 44 24 15 20 20
600000 41 44 24 15 21 19
600000 41 44 24 15 21 20
600000 41 44 24 15 21 24
600000 41 44 24 17 17 20
600000 41 44 24 17 20 22
600000 41 44 24 19 20 21
600000 41 44 24 23 22 18
600000 42 44 24 21 17 22
650000 44 48 26 16 18 21
650000 45 48 26 16 18 20
650000 45 48 26 16 18 21
650000 45 48 26 16 18 21
650000 45 48 26 16 18 22
650000 45 48 26 16 19 23
650000 45 48 26 16 19 24
650000 45 48 26 16 20 23
650000 45 48 26 16 20 23
650000 45 48 26 16 20 23
650000 45 48 26 16 21 24
650000 45 48 26 16 22 21
650000 45 48 26 16 22 22
650000 45 48 26 16 22 23
650000 45 48 26 16 22 25
650000 45 48 26 18 18 23
650000 45 48 26 18 18 24
650000 45 48 26 18 22 22
650000 45 48 26 19 19 21
650000 45 48 26 19 21 23
650000 45 48 26 22 19 24
650000 45 48 27 19 18 22
650000 45 49 26 16 19 21
650000 46 48 26 16 22 21
650000 46 48 26 16 22 23
700000 48 53 28 18 20 24
700000 48 53 28 18 20 29
700000 48 53 28 18 21 25
700000 48 53 28 18 25 26
700000 48 53 29 17 24 24
700000 48 53 29 18 21 25
700000 48 53 29 18 24 23
700000 48 53 29 18 24 26
700000 48 53 29 23 21 24
700000 48 54 29 18 20 23
700000 49 53 28 18 20 23
700000 49 53 28 18 21 24
700000 49 53 28 18 22 23
700000 49 53 28 18 22 26
700000 49 53 28 18 22 26
700000 49 53 28 18 22 26
700000 49 53 28 18 23 23
700000 49 53 28 18 23 25
700000 49 53 29 18 22 22
700000 49 53 29 18 23 25
700000 49 53 29 18 25 25
700000 49 53 29 24 22 22
700000 49 53 30 19 21 23
700000 50 53 28 24 24 22
700000 51 53 28 18 24 24
750000 52 57 31 19 21 24
750000 52 57 31 19 21 24
750000 52 57 31 19 21 25
750000 52 57 31 19 21 26
750000 52 57 31 19 22 25
750000 52 57 31 19 24 28
750000 52 57 31 20 22 29
750000 52 57 31 21 21 25
750000 52 57 31 21 22 27
750000 52 57 31 26 26 24
750000 52 57 31 27 22 25
750000 52 57 34 19 22 25
750000 52 58 31 19 23 22
750000 52 58 31 19 27 27
750000 52 58 32 20 22 27
750000 52 58 34 22 24 26
750000 53 57 31 19 21 25
750000 53 57 31 19 22 24
750000 53 57 31 19 24 25
750000 53 57 31 19 24 25
750000 53 57 31 19 26 23
750000 53 57 31 21 26 25
750000 53 58 31 19 21 27
750000 54 57 31 19 21 24
750000 54 57 34 22 21 24
800000 56 62 33 20 23 27
800000 56 62 33 21 23 27
800000 56 62 33 21 23 29
800000 56 62 33 21 25 26
800000 56 62 33 21 26 25
800000 56 62 33 24 25 25
800000 56 62 33 24 26 26
800000 56 62 34 20 24 26
800000 56 62 34 21 22 27
800000 56 62 34 21 23 26
800000 56 62 34 21 23 27
800000 56 62 34 21 24 28
800000 56 62 34 21 25 27
800000 56 62 34 21 25 29
800000 56 62 34 21 27 28
800000 56 62 34 23 25 26
800000 56 62 34 23 28 26
800000 56 62 34 25 27 28
800000 56 62 35 21 23 30
800000 57 62 33 21 25 25
800000 57 62 33 23 28 29
800000 57 62 33 27 22 28
800000 57 62 34 21 22 27
800000 57 62 34 21 23 27
800000 58 62 34 21 23 32
850000 60 63 34 21 23 26
850000 60 63 34 21 23 27
850000 60 63 34 21 23 29
850000 60 63 34 21 26 27
850000 60 63 34 21 27 29
850000 60 63 34 21 29 27
850000 60 63 34 22 23 28
850000 60 63 34 22 25 26
850000 60 63 34 27 25 27
850000 60 63 34 27 25 27
850000 60 63 35 21 24 27
850000 60 64 34 21 24 28
850000 60 64 34 21 24 29
850000 60 64 34 21 24 30
850000 60 64 34 21 28 27
850000 60 64 34 21 29 28
850000 60 64 34 24 24 27
850000 60 64 34 33 26 27
850000 60 64 35 21 24 25
850000 60 64 35 23 24 26
850000 61 63 34 21 23 27
850000 61 63 34 21 29 26
850000 61 63 34 22 26 29
850000 61 64 34 23 28 30
850000 62 64 35 22 23 26
900000 64 67 36 23 25 29
900000 64 67 36 23 27 27
900000 64 67 36 25 26 29
900000 64 67 37 23 24 30
900000 64 67 37 23 25 29
900000 64 67 37 23 25 30
900000 64 67 37 23 26 31
900000 64 67 37 23 26 33
900000 64 67 37 23 27 31
900000 64 67 37 23 29 28
900000 64 67 37 23 30 30
900000 64 67 37 24 26 28
900000 64 67 37 25 25 28
900000 64 67 39 23 27 28
900000 64 68 36 23 25 32
900000 64 68 36 23 26 28
900000 64 68 36 25 26 30
900000 65 67 36 23 26 29
900000 65 67 36 23 28 30
900000 65 67 36 26 29 32
900000 65 67 37 23 25 29
900000 65 67 37 23 28 29
900000 65 68 36 23 31 29
900000 66 67 36 23 25 29
900000 66 67 37 24 32 28
950000 68 71 38 24 26 32
950000 68 71 38 24 27 30
950000 68 71 39 24 25 28
950000 68 71 39 24 28 31
950000 68 71 39 24 29 34
950000 68 71 39 24 32 30
950000 68 71 39 25 26 31
950000 68 71 39 26 32 31
950000 68 71 39 27 29 30
950000 68 71 39 30 33 33
950000 68 71 41 24 28 30
950000 68 72 38 26 26 31
950000 68 72 39 24 26 30
950000 68 72 39 24 26 30
950000 68 72 39 24 27 30
950000 68 72 39 24 28 31
950000 68 72 39 24 30 29
950000 68 72 39 24 30 30
950000 68 72 39 29 28 31
950000 68 72 42 25 26 37
950000 69 71 39 24 29 29
950000 69 71 39 25 26 31
950000 69 71 39 25 31 30
950000 69 72 39 24 29 34
950000 70 72 39 28 26 35
1000000 71 76 41 26 27 31
1000000 71 76 41 26 28 32
1000000 71 76 41 26 30 35
1000000 71 77 41 26 31 32
1000000 72 76 41 25 29 33
1000000 72 76 41 26 27 32
1000000 72 76 41 26 28 32
1000000 72 76 41 26 28 33
1000000 72 76 41 26 29 31
1000000 72 76 41 26 29 31
1000000 72 76 41 26 31 31
1000000 72 76 41 26 31 31
1000000 72 76 41 26 31 32
1000000 72 76 41 26 31 32
1000000 72 76 41 26 32 32
1000000 72 76 41 26 34 31
1000000 72 76 41 29 29 34
1000000 72 76 41 29 34 32
1000000 72 76 41 32 28 32
1000000 72 76 41 35 32 31
1000000 72 76 42 26 27 33
1000000 72 76 42 26 28 31
1000000 72 76 42 27 27 33
1000000 72 76 45 26 31 33
1000000 74 77 42 26 28 32
1050000 75 80 43 27 32 34
1050000 75 80 43 28 31 34
1050000 75 80 43 29 30 35
1050000 75 80 43 29 33 33
1050000 75 80 43 37 30 33
1050000 75 80 44 27 29 37
1050000 75 80 44 27 31 34
1050000 75 80 44 27 31 38
1050000 75 80 44 27 33 34
1050000 75 80 44 29 30 34
1050000 75 80 45 29 31 36
1050000 75 81 44 27 31 36
1050000 76 80 43 27 32 33
1050000 76 80 43 27 34 33
1050000 76 80 43 27 34 34
1050000 76 80 43 29 32 33
1050000 76 80 43 30 35 33
1050000 76 80 43 31 30 33
1050000 76 80 44 27 30 38
1050000 76 80 44 27 33 34
1050000 76 80 44 28 33 36
1050000 76 80 44 30 30 36
1050000 76 80 45 28 33 34
1050000 76 81 43 29 30 32
1050000 76 81 43 32 32 32
1100000 79 84 46 28 31 33
1100000 79 84 46 29 31 34
1100000 79 84 46 29 33 36
1100000 79 85 46 28 31 37
1100000 79 85 46 28 35 34
1100000 79 85 46 29 32 34
1100000 79 85 46 29 33 35
1100000 79 85 46 29 34 40
1100000 79 85 46 29 35 34
1100000 79 85 46 29 37 35
1100000 79 85 46 34 33 35
1100000 79 85 46 36 31 40
1100000 79 85 48 32 35 36
1100000 79 86 46 29 36 34
1100000 80 84 46 28 30 37
1100000 80 85 46 29 31 34
1100000 80 85 46 29 31 35
1100000 80 85 46 29 32 33
1100000 80 85 46 29 32 35
1100000 80 85 46 29 33 34
1100000 80 85 46 29 38 34
1100000 80 85 46 31 32 40
1100000 80 85 46 31 33 40
1100000 80 85 46 34 32 37
1100000 80 85 47 29 34 33
1150000 83 89 48 30 33 35
1150000 83 89 48 30 33 38
1150000 83 89 48 30 34 37
1150000 83 89 48 30 34 38
1150000 83 89 48 31 32 36
1150000 83 89 48 35 31 36
1150000 83 89 48 39 35 37
1150000 83 89 49 31 35 37
1150000 83 89 49 33 34 37
1150000 83 89 49 35 36 35
1150000 83 89 50 30 35 37
1150000 83 89 51 30 36 35
1150000 83 90 48 30 32 36
1150000 83 90 48 30 32 36
1150000 83 90 48 30 33 36
1150000 83 90 48 30 34 38
1150000 83 90 48 30 35 37
1150000 83 90 48 30 36 37
1150000 83 90 49 31 34 37
1150000 83 90 49 36 33 38
1150000 83 90 51 30 35 37
1150000 83 94 49 30 39 36
1150000 84 89 48 30 38 40
1150000 84 89 48 30 40 36
1150000 84 90 48 30 36 37
1200000 87 93 51 32 34 40
1200000 87 93 51 32 37 39
1200000 87 93 51 32 38 41
1200000 87 94 50 31 34 39
1200000 87 94 50 32 33 38
1200000 87 94 51 32 35 38
1200000 87 94 51 34 34 38
1200000 87 94 51 41 35 42
1200000 87 94 57 32 37 38
1200000 88 93 51 32 41 39
1200000 88 93 53 32 40 39
1200000 88 94 50 31 39 37
1200000 88 94 50 32 33 36
1200000 88 94 50 32 37 37
1200000 88 94 50 35 36 39
1200000 88 94 51 31 36 38
1200000 88 94 51 32 33 39
1200000 88 94 51 32 33 40
1200000 88 94 51 32 34 37
1200000 88 94 51 32 34 41
1200000 88 94 51 32 35 37
1200000 88 94 52 33 36 39
1200000 88 94 53 31 36 39
1200000 88 94 53 39 34 39
1200000 88 96 50 32 36 39
1250000 91 98 53 33 36 38
1250000 91 98 53 33 36 38
1250000 91 98 53 33 37 41
1250000 91 98 53 33 38 41
1250000 91 98 53 33 39 41
1250000 91 98 53 33 40 41
1250000 91 98 53 33 41 40
1250000 91 98 53 33 42 39
1250000 91 98 53 33 50 45
1250000 91 98 53 34 36 39
1250000 91 98 53 34 37 43
1250000 91 98 53 34 42 41
1250000 91 98 53 35 40 45
1250000 91 98 53 36 38 44
1250000 91 98 53 41 40 41
1250000 91 98 53 42 37 45
1250000 91 99 53 33 38 38
1250000 92 101 53 33 36 39
1250000 92 98 53 33 37 41
1250000 92 98 53 33 41 38
1250000 92 98 53 37 38 41
1250000 92 98 54 33 37 43
1250000 92 99 54 34 37 38
1250000 93 98 53 33 36 40
1250000 93 98 53 34 38 39
1300000 95 103 55 35 37 40
1300000 95 103 55 35 43 40
1300000 95 103 55 37 41 45
1300000 95 103 56 35 37 41
1300000 95 103 56 35 37 41
1300000 95 103 56 35 40 40
1300000 95 103 56 35 40 42
1300000 95 103 56 35 42 41
1300000 95 103 56 37 37 43
1300000 95 103 56 38 38 44
1300000 95 103 56 39 36 41
1300000 95 103 56 41 36 42
1300000 95 103 59 36 37 41
1300000 95 107 56 35 39 41
1300000 96 103 55 35 38 42
1300000 96 103 55 35 41 43
1300000 96 103 56 34 37 41
1300000 96 103 56 34 39 41
1300000 96 103 56 35 36 45
1300000 96 103 56 35 37 43
1300000 96 103 56 35 39 44
1300000 96 103 56 35 43 44
1300000 96 103 56 35 46 42
1300000 96 103 57 35 36 39
1300000 96 103 57 37 37 39
1350000 100 107 58 36 39 42
1350000 100 107 58 36 39 44
1350000 100 107 58 36 39 45
1350000 100 107 58 36 39 46
1350000 100 107 58 36 41 44
1350000 100 107 58 36 41 45
1350000 100 107 58 36 42 42
1350000 100 107 58 36 42 42
1350000 100 107 58 36 42 44
1350000 100 107 58 36 46 43
1350000 100 107 58 37 40 43
1350000 100 107 58 37 41 47
1350000 100 107 58 37 46 43
1350000 100 107 58 39 42 44
1350000 100 107 58 42 41 44
1350000 100 107 64 37 39 43
1350000 100 108 58 36 39 43
1350000 100 111 58 42 48 48
1350000 101 107 57 39 39 44
1350000 99 107 58 36 41 43
1350000 99 107 59 36 41 44
1350000 99 107 59 36 42 42
1350000 99 108 58 36 39 42
1350000 99 108 58 36 40 43
1350000 99 108 58 41 42 45
1400000 103 112 60 60 42 49
1400000 103 112 61 38 43 45
1400000 103 112 61 40 42 47
1400000 103 112 62 38 46 47
1400000 103 112 62 39 42 46
1400000 103 113 60 38 41 45
1400000 103 113 60 41 44 45
1400000 103 113 60 43 41 44
1400000 103 113 61 38 39 46
1400000 103 113 61 38 43 50
1400000 103 113 62 38 42 45
1400000 104 112 61 37 46 45
1400000 104 112 61 38 40 46
1400000 104 112 61 43 41 44
1400000 104 113 60 38 39 44
1400000 104 113 61 37 44 49
1400000 104 113 61 38 44 43
1400000 104 113 61 38 44 44
1400000 104 113 61 39 40 44
1400000 104 113 61 39 40 46
1400000 104 113 61 39 41 46
1400000 104 113 61 54 41 45
1400000 104 113 64 38 41 48
1400000 104 115 61 39 42 44
1400000 112 112 60 38 39 44
1450000 107 117 63 49 42 48
1450000 108 117 63 39 42 47
1450000 108 117 63 39 43 45
1450000 108 117 63 39 43 49
1450000 108 117 63 39 44 46
1450000 108 117 63 39 44 47
1450000 108 117 63 39 44 47
1450000 108 117 63 39 44 48
1450000 108 117 63 39 46 45
1450000 108 117 63 39 46 45
1450000 108 117 63 39 46 46
1450000 108 117 63 39 46 47
1450000 108 117 63 39 49 48
1450000 108 117 63 40 42 47
1450000 108 117 63 40 43 47
1450000 108 117 63 42 45 49
1450000 108 117 63 43 43 45
1450000 108 117 63 67 41 47
1450000 108 117 64 40 42 45
1450000 108 117 64 44 44 48
1450000 108 117 65 39 43 48
1450000 108 119 63 39 42 46
1450000 109 117 63 40 42 47
1450000 109 117 63 40 46 46
1450000 109 117 64 50 43 47
1500000 111 121 65 41 50 50
1500000 111 121 66 41 44 47
1500000 111 122 66 40 46 49
1500000 111 122 66 41 43 47
1500000 111 122 66 41 43 50
1500000 111 122 66 41 44 50
1500000 111 122 66 41 45 53
1500000 111 122 66 41 48 49
1500000 111 122 66 42 44 46
1500000 112 121 68 41 49 49
1500000 112 122 65 41 45 49
1500000 112 122 65 41 45 49
1500000 112 122 65 41 45 49
1500000 112 122 65 41 46 46
1500000 112 122 65 41 47 47
1500000 112 122 65 41 51 48
1500000 112 122 66 41 44 48
1500000 112 122 66 41 44 48
1500000 112 122 66 41 46 49
1500000 112 122 66 41 46 57
1500000 112 122 66 46 46 50
1500000 112 122 67 43 50 51
1500000 112 122 68 41 43 52
1500000 112 122 68 41 45 48
1500000 112 124 66 49 45 50
1550000 115 126 68 42 47 50
1550000 116 126 68 42 46 46
1550000 116 126 68 42 47 52
1550000 116 126 68 43 49 48
1550000 116 126 68 43 52 50
1550000 116 126 68 44 46 47
1550000 116 126 69 50 50 50
1550000 116 126 70 42 46 51
1550000 116 126 70 49 48 50
1550000 116 127 68 42 46 51
1550000 116 127 68 42 47 52
1550000 116 127 68 42 47 52
1550000 116 127 68 42 50 49
1550000 116 127 68 42 50 51
1550000 116 127 68 43 46 48
1550000 116 127 68 43 47 49
1550000 116 127 68 43 48 51
1550000 116 127 68 43 50 51
1550000 116 127 68 44 44 46
1550000 116 127 68 45 50 49
1550000 116 127 69 42 45 50
1550000 116 127 69 42 50 51
1550000 116 127 69 44 46 51
1550000 116 129 68 44 46 51
1550000 117 127 69 44 45 52
1600000 120 131 71 44 47 53
1600000 120 131 71 44 49 48
1600000 120 131 71 46 51 52
1600000 120 131 71 49 47 54
1600000 120 132 70 45 51 50
1600000 120 132 71 44 46 50
1600000 120 132 71 44 47 51
1600000 120 132 71 44 48 52
1600000 120 132 71 44 50 51
1600000 120 132 71 44 51 54
1600000 120 132 72 44 49 57
1600000 120 132 72 45 48 52
1600000 120 132 72 61 49 49
1600000 121 131 70 44 47 56
1600000 121 131 71 45 56 53
1600000 121 132 71 44 45 53
1600000 121 132 71 44 48 55
1600000 121 132 71 44 50 53
1600000 121 132 71 44 51 52
1600000 121 132 71 44 52 53
1600000 121 132 71 44 60 50
1600000 121 132 71 48 48 58
1600000 121 132 72 44 47 50
1600000 121 132 73 45 49 51
1600000 121 135 71 44 47 54
1650000 124 132 71 44 47 52
1650000 124 132 71 44 48 52
1650000 124 132 71 44 48 56
1650000 124 132 71 44 50 51
1650000 124 132 71 45 48 54
1650000 124 132 71 45 54 53
1650000 124 132 71 46 52 52
1650000 124 132 71 50 53 52
1650000 124 132 71 51 53 51
1650000 124 132 73 48 50 53
1650000 124 133 72 45 47 52
1650000 124 134 71 46 55 54
1650000 125 131 71 44 47 52
1650000 125 131 71 46 48 51
1650000 125 131 72 44 54 52
1650000 125 132 71 44 46 54
1650000 125 132 71 44 47 52
1650000 125 132 71 44 47 52
1650000 125 132 71 44 48 53
1650000 125 132 71 44 53 52
1650000 125 132 71 45 47 52
1650000 125 132 71 45 50 53
1650000 125 132 71 46 50 58
1650000 125 132 71 48 55 55
1650000 126 132 71 44 47 50
1700000 128 134 73 45 50 58
1700000 128 134 73 46 54 54
1700000 128 134 73 48 48 53
1700000 128 135 72 45 49 50
1700000 129 134 72 45 52 54
1700000 129 134 72 46 48 54
1700000 129 134 73 45 50 50
1700000 129 134 73 45 60 54
1700000 129 134 73 46 48 52
1700000 129 134 73 46 51 52
1700000 129 135 72 45 56 57
1700000 129 135 72 46 48 53
1700000 129 135 73 45 50 55
1700000 129 135 73 45 51 55
1700000 129 135 73 45 54 53
1700000 129 135 73 49 51 53
1700000 129 135 75 47 57 54
1700000 129 137 73 48 52 56
1700000 130 134 73 45 47 54
1700000 130 134 73 45 49 50
1700000 130 134 73 45 49 54
1700000 130 134 73 46 49 57
1700000 130 134 74 45 48 60
1700000 130 135 72 50 50 53
1700000 131 134 73 45 50 53
1750000 132 138 75 47 51 54
1750000 132 139 75 47 51 52
1750000 132 139 75 47 53 52
1750000 132 139 75 47 55 52
1750000 132 139 75 47 55 55
1750000 133 139 74 47 58 55
1750000 133 139 75 47 49 54
1750000 133 139 75 47 50 57
1750000 133 139 75 47 51 55
1750000 133 139 75 47 52 56
1750000 133 139 75 47 52 57
1750000 133 139 75 47 53 53
1750000 133 139 75 47 56 56
1750000 133 139 75 48 50 55
1750000 133 139 75 48 53 55
1750000 133 139 75 55 56 54
1750000 133 139 75 64 50 56
1750000 133 139 76 47 53 58
1750000 133 139 76 49 57 55
1750000 133 139 76 51 65 55
1750000 133 143 75 47 55 57
1750000 134 139 75 47 48 54
1750000 134 139 75 47 50 55
1750000 134 139 75 47 51 54
1750000 134 140 75 47 50 55
1800000 136 144 77 48 52 55
1800000 137 143 77 48 51 56
1800000 137 144 77 48 51 56
1800000 137 144 77 48 52 54
1800000 137 144 77 48 52 56
1800000 137 144 77 48 55 55
1800000 137 144 77 49 51 54
1800000 137 144 77 49 53 57
1800000 137 144 77 49 56 59
1800000 137 144 77 50 58 63
1800000 137 144 77 51 52 55
1800000 137 144 77 51 55 57
1800000 137 144 78 48 59 58
1800000 137 144 78 49 53 56
1800000 137 144 78 49 56 54
1800000 137 144 78 59 55 53
1800000 137 144 79 50 53 55
1800000 137 144 79 56 57 56
1800000 137 145 77 49 53 56
1800000 137 145 77 49 53 59
1800000 137 145 78 50 53 55
1800000 137 146 78 48 53 59
1800000 137 147 77 48 57 56
1800000 138 144 77 48 53 55
1800000 138 145 77 49 53 55
1850000 141 147 79 50 55 62
1850000 141 147 80 50 54 62
1850000 141 147 80 70 54 58
1850000 141 148 79 50 57 59
1850000 141 148 80 50 53 54
1850000 141 148 80 50 57 62
1850000 141 148 80 54 57 56
1850000 142 147 80 50 53 58
1850000 142 147 80 50 59 60
1850000 142 147 82 50 53 58
1850000 142 147 83 50 55 61
1850000 142 148 79 50 54 57
1850000 142 148 79 50 55 57
1850000 142 148 79 50 59 60
1850000 142 148 80 50 52 56
1850000 142 148 80 50 53 60
1850000 142 148 80 50 54 59
1850000 142 148 80 50 55 55
1850000 142 148 80 50 55 61
1850000 142 148 80 50 56 63
1850000 142 148 80 50 57 59
1850000 142 148 80 51 55 55
1850000 142 148 81 51 57 60
1850000 142 148 82 50 57 61
1850000 142 150 80 50 51 57
1900000 145 152 82 51 57 61
1900000 145 152 82 51 57 62
1900000 145 152 82 51 58 61
1900000 145 152 82 51 61 61
1900000 145 152 82 52 56 58
1900000 145 152 82 52 59 60
1900000 145 152 82 52 61 60
1900000 145 152 82 52 62 57
1900000 145 152 82 53 60 58
1900000 145 152 82 63 61 63
1900000 145 152 83 51 55 60
1900000 145 152 83 51 56 64
1900000 145 152 83 51 57 62
1900000 145 152 83 51 58 61
1900000 145 152 83 52 53 57
1900000 145 152 83 52 54 59
1900000 145 152 83 52 55 60
1900000 145 152 83 52 63 60
1900000 145 152 84 56 53 58
1900000 146 152 82 52 55 59
1900000 146 152 83 51 56 58
1900000 146 152 83 52 56 58
1900000 146 152 83 52 58 62
1900000 146 154 82 51 57 60
1900000 148 152 82 54 64 60
1950000 148 156 84 53 57 59
1950000 149 156 85 54 55 65
1950000 149 157 84 52 60 61
1950000 149 157 84 52 65 59
1950000 149 157 84 53 56 59
1950000 149 157 84 53 56 62
1950000 149 157 84 53 58 62
1950000 149 157 84 53 60 60
1950000 149 157 84 53 60 63
1950000 149 157 84 53 61 66
1950000 149 157 84 55 60 58
1950000 149 157 85 53 56 61
1950000 149 157 85 53 58 60
1950000 149 157 85 53 59 60
1950000 149 157 85 53 61 63
1950000 149 157 85 53 65 62
1950000 149 157 85 57 61 63
1950000 149 157 87 54 58 68
1950000 149 158 84 53 58 65
1950000 150 157 84 53 56 62
1950000 150 157 84 53 56 63
1950000 150 157 84 53 58 63
1950000 150 157 84 53 58 66
1950000 150 157 85 53 56 60
1950000 150 157 85 53 57 59
2000000 152 161 87 54 58 63
2000000 152 161 87 54 59 63
2000000 153 161 87 54 57 61
2000000 153 161 87 54 58 68
2000000 153 161 87 54 59 62
2000000 153 161 87 54 60 63
2000000 153 161 87 54 62 68
2000000 153 161 87 54 64 60
2000000 153 161 87 55 57 61
2000000 153 161 87 55 58 61
2000000 153 161 87 55 58 63
2000000 153 161 87 55 60 61
2000000 153 161 87 55 61 65
2000000 153 161 87 57 59 61
2000000 153 161 87 57 59 63
2000000 153 161 88 54 65 64
2000000 153 161 88 69 59 62
2000000 153 161 89 55 68 60
2000000 153 162 87 54 60 60
2000000 153 162 87 54 62 67
2000000 154 161 87 54 59 64
2000000 154 161 87 55 58 62
2000000 154 161 87 55 66 61
2000000 155 161 87 54 57 60
2000000 155 161 87 54 61 66
